schema alpha  QueryNum map p10 ndcg10 ndcg1000 bpref unjudged relString rr
topTuneBoost_Hard2005_alpha0 0 303 0.4084 0.4000 0.5077 0.7907 0.4055 0 '2200200002' 1.0000
topTuneBoost_Hard2005_alpha0 0 307 0.2983 1.0000 0.5331 0.5038 0.4101 0 '1111111121' 1.0000
topTuneBoost_Hard2005_alpha0 0 310 0.0920 0.5000 0.3432 0.3267 0.1188 0 '1011200100' 1.0000
topTuneBoost_Hard2005_alpha0 0 314 0.0036 0.1000 0.0871 0.0910 0.0123 2 '000002--00' 0.1667
topTuneBoost_Hard2005_alpha0 0 322 0.0122 0.1000 0.1389 0.1332 0.0315 0 '0200000000' 0.5000
topTuneBoost_Hard2005_alpha0 0 325 0.4229 0.2000 0.1721 0.7226 0.6065 0 '1000000001' 1.0000
topTuneBoost_Hard2005_alpha0 0 330 0.2805 0.8000 0.6415 0.7022 0.2883 0 '1011101111' 1.0000
topTuneBoost_Hard2005_alpha0 0 336 0.4583 0.8000 0.5660 0.7311 0.4439 0 '2011121110' 1.0000
topTuneBoost_Hard2005_alpha0 0 341 0.0992 0.1000 0.1407 0.3925 0.1227 0 '1000000000' 1.0000
topTuneBoost_Hard2005_alpha0 0 344 0.0726 0.3000 0.2269 0.2878 0.1381 2 '11010-00-0' 1.0000
topTuneBoost_Hard2005_alpha0 0 345 0.0297 0.1000 0.0679 0.2866 0.0000 0 '0000000001' 0.1000
topTuneBoost_Hard2005_alpha0 0 347 0.2352 0.6000 0.5767 0.5834 0.2981 0 '0222220200' 0.5000
topTuneBoost_Hard2005_alpha0 0 353 0.0555 0.0000 0.0000 0.2833 0.0227 0 '0000000000' 0.0714
topTuneBoost_Hard2005_alpha0 0 354 0.1609 0.7000 0.7779 0.4745 0.3769 0 '2222020220' 1.0000
topTuneBoost_Hard2005_alpha0 0 362 0.2174 0.7000 0.4799 0.4946 0.2721 0 '1112102100' 1.0000
topTuneBoost_Hard2005_alpha0 0 363 0.1079 0.3000 0.3152 0.4621 0.1578 0 '0220000020' 0.5000
topTuneBoost_Hard2005_alpha0 0 367 0.0636 0.2000 0.1682 0.3831 0.0646 0 '0002002000' 0.2500
topTuneBoost_Hard2005_alpha0 0 372 0.0896 0.1000 0.0698 0.4496 0.0789 0 '0001000000' 0.2500
topTuneBoost_Hard2005_alpha0 0 374 0.5182 0.4000 0.3183 0.8094 0.6431 0 '0020020022' 0.3333
topTuneBoost_Hard2005_alpha0 0 375 0.2051 0.3000 0.2867 0.6408 0.1492 0 '0100010100' 0.5000
topTuneBoost_Hard2005_alpha0 0 378 0.1149 0.0000 0.0000 0.4641 0.1228 0 '0000000000' 0.0625
topTuneBoost_Hard2005_alpha0 0 383 0.0373 0.0000 0.0000 0.2779 0.0558 0 '0000000000' 0.0417
topTuneBoost_Hard2005_alpha0 0 389 0.0244 0.0000 0.0000 0.2136 0.0560 0 '0000000000' 0.0455
topTuneBoost_Hard2005_alpha0 0 393 0.0377 0.0000 0.0000 0.2453 0.0735 0 '0000000000' 0.0833
topTuneBoost_Hard2005_alpha0 0 394 0.4533 1.0000 1.0000 0.6856 0.4646 0 '1111111111' 1.0000
topTuneBoost_Hard2005_alpha0 0 397 0.0400 0.3000 0.3273 0.2157 0.0743 0 '0110010000' 0.5000
topTuneBoost_Hard2005_alpha0 0 399 0.1710 0.6000 0.6048 0.4147 0.3007 0 '2200102022' 1.0000
topTuneBoost_Hard2005_alpha0 0 401 0.0739 0.1000 0.0694 0.3763 0.1003 0 '0000000200' 0.1250
topTuneBoost_Hard2005_alpha0 0 404 0.2540 0.2000 0.2895 0.5781 0.4153 0 '2000000200' 1.0000
topTuneBoost_Hard2005_alpha0 0 408 0.1001 0.2000 0.1781 0.4328 0.1008 0 '0200010000' 0.5000
topTuneBoost_Hard2005_alpha0 0 409 0.3056 0.4000 0.2772 0.7052 0.3150 0 '0200002011' 0.5000
topTuneBoost_Hard2005_alpha0 0 416 0.3193 0.5000 0.1990 0.6867 0.2905 0 '0001111010' 0.2500
topTuneBoost_Hard2005_alpha0 0 419 0.1008 0.2000 0.1952 0.3612 0.1557 0 '0020200000' 0.3333
topTuneBoost_Hard2005_alpha0 0 426 0.0608 0.0000 0.0000 0.2821 0.1516 0 '0000000000' 0.0909
topTuneBoost_Hard2005_alpha0 0 427 0.2760 0.8000 0.5806 0.5772 0.3124 0 '1200221112' 1.0000
topTuneBoost_Hard2005_alpha0 0 433 0.0759 0.1000 0.2201 0.3043 0.0631 0 '2000000000' 1.0000
topTuneBoost_Hard2005_alpha0 0 435 0.2143 0.4000 0.2051 0.5777 0.2364 0 '0010200011' 0.3333
topTuneBoost_Hard2005_alpha0 0 436 0.4634 0.7000 0.3706 0.6416 0.6153 0 '0121011110' 0.5000
topTuneBoost_Hard2005_alpha0 0 439 0.0389 0.1000 0.0550 0.2715 0.0756 0 '0010000000' 0.3333
topTuneBoost_Hard2005_alpha0 0 443 0.2148 0.8000 0.6745 0.5043 0.3727 0 '2211021021' 1.0000
topTuneBoost_Hard2005_alpha0 0 448 0.0179 0.0000 0.0000 0.2290 0.0208 0 '0000000000' 0.0625
topTuneBoost_Hard2005_alpha0 0 622 0.2581 1.0000 0.9669 0.6100 0.3726 0 '2222222212' 1.0000
topTuneBoost_Hard2005_alpha0 0 625 0.0085 0.1000 0.0694 0.1140 0.0146 0 '0100000000' 0.5000
topTuneBoost_Hard2005_alpha0 0 638 0.1147 0.4000 0.3196 0.3566 0.2846 2 '10102002--' 1.0000
topTuneBoost_Hard2005_alpha0 0 639 0.1721 0.1000 0.0331 0.4736 0.2854 0 '0000000010' 0.1111
topTuneBoost_Hard2005_alpha0 0 648 0.5268 0.9000 0.6864 0.7725 0.5249 0 '2111212012' 1.0000
topTuneBoost_Hard2005_alpha0 0 650 0.0516 0.1000 0.1542 0.3873 0.0557 0 '0200000000' 0.5000
topTuneBoost_Hard2005_alpha0 0 651 0.0074 0.0000 0.0000 0.1339 0.0103 0 '0000000000' 0.0147
topTuneBoost_Hard2005_alpha0 0 658 0.1908 0.3000 0.1755 0.5361 0.2463 0 '0100001200' 0.5000
topTuneBoost_Hard2005_alpha0 0 689 0.0311 0.0000 0.0000 0.2519 0.0693 0 '0000000000' 0.0435
topTuneBoost_Hard2005_alpha1 1 303 0.4140 0.3000 0.4323 0.7915 0.4143 0 '2200002000' 1.0000
topTuneBoost_Hard2005_alpha1 1 307 0.3082 1.0000 0.5698 0.5098 0.4131 0 '1111112121' 1.0000
topTuneBoost_Hard2005_alpha1 1 310 0.0758 0.4000 0.2767 0.3085 0.1020 0 '1010010002' 1.0000
topTuneBoost_Hard2005_alpha1 1 314 0.0033 0.1000 0.0871 0.0733 0.0123 2 '000002--00' 0.1667
topTuneBoost_Hard2005_alpha1 1 322 0.0106 0.1000 0.1389 0.1147 0.0249 0 '0200000000' 0.5000
topTuneBoost_Hard2005_alpha1 1 325 0.4584 0.2000 0.1737 0.7373 0.6345 0 '1000000010' 1.0000
topTuneBoost_Hard2005_alpha1 1 330 0.3142 0.7000 0.5228 0.7102 0.3377 0 '0111101110' 0.5000
topTuneBoost_Hard2005_alpha1 1 336 0.4667 0.8000 0.5315 0.6874 0.4756 0 '0112122120' 0.5000
topTuneBoost_Hard2005_alpha1 1 341 0.1089 0.1000 0.0469 0.3685 0.1600 0 '0000001000' 0.1429
topTuneBoost_Hard2005_alpha1 1 344 0.0745 0.5000 0.2571 0.3131 0.1227 1 '10-0101110' 1.0000
topTuneBoost_Hard2005_alpha1 1 345 0.0214 0.0000 0.0000 0.2451 0.0000 0 '0000000000' 0.0714
topTuneBoost_Hard2005_alpha1 1 347 0.2431 0.5000 0.5022 0.5944 0.3022 0 '0222202000' 0.5000
topTuneBoost_Hard2005_alpha1 1 353 0.0568 0.0000 0.0000 0.2840 0.0204 0 '0000000000' 0.0625
topTuneBoost_Hard2005_alpha1 1 354 0.1854 0.7000 0.7917 0.4871 0.4013 0 '2222202200' 1.0000
topTuneBoost_Hard2005_alpha1 1 362 0.2126 0.8000 0.5273 0.5133 0.2471 0 '1211101012' 1.0000
topTuneBoost_Hard2005_alpha1 1 363 0.1072 0.3000 0.3273 0.4431 0.1570 0 '0220020000' 0.5000
topTuneBoost_Hard2005_alpha1 1 367 0.0699 0.3000 0.2436 0.3938 0.0781 0 '0002200002' 0.2500
topTuneBoost_Hard2005_alpha1 1 372 0.0981 0.1000 0.1022 0.4630 0.0972 0 '0100000000' 0.5000
topTuneBoost_Hard2005_alpha1 1 374 0.5655 0.6000 0.4139 0.8329 0.6784 0 '0202101120' 0.5000
topTuneBoost_Hard2005_alpha1 1 375 0.2049 0.4000 0.3479 0.6402 0.1500 0 '0100001110' 0.5000
topTuneBoost_Hard2005_alpha1 1 378 0.1263 0.0000 0.0000 0.4835 0.1583 0 '0000000000' 0.0769
topTuneBoost_Hard2005_alpha1 1 383 0.0335 0.0000 0.0000 0.2710 0.0361 0 '0000000000' 0.0370
topTuneBoost_Hard2005_alpha1 1 389 0.0243 0.0000 0.0000 0.2244 0.0515 0 '0000000000' 0.0217
topTuneBoost_Hard2005_alpha1 1 393 0.0369 0.0000 0.0000 0.2434 0.0728 0 '0000000000' 0.0769
topTuneBoost_Hard2005_alpha1 1 394 0.3878 1.0000 1.0000 0.6443 0.4299 0 '1111111111' 1.0000
topTuneBoost_Hard2005_alpha1 1 397 0.0450 0.3000 0.3933 0.3224 0.0688 0 '1001010000' 1.0000
topTuneBoost_Hard2005_alpha1 1 399 0.1591 0.6000 0.5816 0.4068 0.2949 0 '2200210102' 1.0000
topTuneBoost_Hard2005_alpha1 1 401 0.0756 0.1000 0.0663 0.3759 0.1177 0 '0000000020' 0.1111
topTuneBoost_Hard2005_alpha1 1 404 0.2320 0.3000 0.3101 0.5619 0.3959 0 '2001100000' 1.0000
topTuneBoost_Hard2005_alpha1 1 408 0.0997 0.1000 0.0694 0.4088 0.1076 0 '0100000000' 0.5000
topTuneBoost_Hard2005_alpha1 1 409 0.3012 0.4000 0.2732 0.6917 0.3159 0 '0200000211' 0.5000
topTuneBoost_Hard2005_alpha1 1 416 0.3605 0.4000 0.2612 0.7256 0.3303 0 '1100110000' 1.0000
topTuneBoost_Hard2005_alpha1 1 419 0.0937 0.2000 0.1795 0.3516 0.1453 0 '0020000200' 0.3333
topTuneBoost_Hard2005_alpha1 1 426 0.0463 0.1000 0.0636 0.2627 0.1291 0 '0000000002' 0.1000
topTuneBoost_Hard2005_alpha1 1 427 0.2753 0.8000 0.5806 0.5766 0.3124 0 '1200221112' 1.0000
topTuneBoost_Hard2005_alpha1 1 433 0.0763 0.1000 0.2201 0.3028 0.0549 0 '2000000000' 1.0000
topTuneBoost_Hard2005_alpha1 1 435 0.2524 0.5000 0.2406 0.6024 0.2884 0 '0002101101' 0.2500
topTuneBoost_Hard2005_alpha1 1 436 0.4397 0.3000 0.3311 0.6294 0.5996 0 '2001000002' 1.0000
topTuneBoost_Hard2005_alpha1 1 439 0.0405 0.1000 0.0550 0.2762 0.0757 0 '0010000000' 0.3333
topTuneBoost_Hard2005_alpha1 1 443 0.2176 0.6000 0.6007 0.5080 0.3750 0 '2201122000' 1.0000
topTuneBoost_Hard2005_alpha1 1 448 0.0167 0.0000 0.0000 0.2259 0.0199 0 '0000000000' 0.0357
topTuneBoost_Hard2005_alpha1 1 622 0.2944 0.7000 0.7191 0.6277 0.3925 0 '2022202220' 1.0000
topTuneBoost_Hard2005_alpha1 1 625 0.0092 0.1000 0.0694 0.1322 0.0185 0 '0100000000' 0.5000
topTuneBoost_Hard2005_alpha1 1 638 0.1050 0.4000 0.2255 0.3396 0.2730 1 '-101010200' 0.5000
topTuneBoost_Hard2005_alpha1 1 639 0.1808 0.2000 0.0649 0.4819 0.2886 0 '0000000011' 0.1111
topTuneBoost_Hard2005_alpha1 1 648 0.5599 1.0000 0.7542 0.7756 0.5447 0 '2111212122' 1.0000
topTuneBoost_Hard2005_alpha1 1 650 0.0510 0.1000 0.1542 0.3872 0.0605 0 '0200000000' 0.5000
topTuneBoost_Hard2005_alpha1 1 651 0.0073 0.0000 0.0000 0.1395 0.0021 0 '0000000000' 0.0093
topTuneBoost_Hard2005_alpha1 1 658 0.1923 0.3000 0.1676 0.5390 0.2503 0 '0010012000' 0.3333
topTuneBoost_Hard2005_alpha1 1 689 0.0377 0.0000 0.0000 0.2727 0.0903 1 '000000000-' 0.0909
topTuneBoost_Hard2005_alpha10 10 303 0.1235 0.3000 0.2466 0.3579 0.2642 0 '0002022000' 0.2500
topTuneBoost_Hard2005_alpha10 10 307 0.0178 0.5000 0.3941 0.1284 0.1022 0 '2000100112' 1.0000
topTuneBoost_Hard2005_alpha10 10 310 0.0001 0.0000 0.0000 0.0216 0.0083 0 '0000000000' 0.0017
topTuneBoost_Hard2005_alpha10 10 314 0.0005 0.0000 0.0000 0.0363 0.0000 2 '0-0-000000' 0.0052
topTuneBoost_Hard2005_alpha10 10 322 0.0012 0.0000 0.0000 0.0441 0.0000 3 '0---000000' 0.0032
topTuneBoost_Hard2005_alpha10 10 325 0.1837 0.0000 0.0000 0.4351 0.4647 8 '---0-0----' 0.0625
topTuneBoost_Hard2005_alpha10 10 330 0.0714 0.1000 0.1804 0.3454 0.3678 7 '1--0-----0' 1.0000
topTuneBoost_Hard2005_alpha10 10 336 0.1463 0.5000 0.2899 0.3793 0.2732 1 '1-00010112' 1.0000
topTuneBoost_Hard2005_alpha10 10 341 0.1117 0.1000 0.0704 0.2928 0.1344 0 '0010000000' 0.3333
topTuneBoost_Hard2005_alpha10 10 344 0.0256 0.1000 0.1100 0.1911 0.1420 6 '1-----000-' 1.0000
topTuneBoost_Hard2005_alpha10 10 345 0.0000 0.0000 0.0000 0.0000 0.0000 1 '00000-0000' 0.0000
topTuneBoost_Hard2005_alpha10 10 347 0.0774 0.1000 0.0948 0.3399 0.3085 7 '--02----0-' 0.2500
topTuneBoost_Hard2005_alpha10 10 353 0.0965 0.4000 0.2978 0.2152 0.1701 0 '0011101000' 0.3333
topTuneBoost_Hard2005_alpha10 10 354 0.0506 0.2000 0.1357 0.2772 0.3051 6 '-0-----220' 0.1250
topTuneBoost_Hard2005_alpha10 10 362 0.0609 0.8000 0.8482 0.2872 0.1427 0 '2222200222' 1.0000
topTuneBoost_Hard2005_alpha10 10 363 0.0188 0.1000 0.2201 0.1621 0.0916 3 '200-0-00-0' 1.0000
topTuneBoost_Hard2005_alpha10 10 367 0.0462 0.1000 0.2201 0.2858 0.1263 3 '20-0-0-000' 1.0000
topTuneBoost_Hard2005_alpha10 10 372 0.0190 0.0000 0.0000 0.2013 0.0700 6 '------0000' 0.0152
topTuneBoost_Hard2005_alpha10 10 374 0.3129 0.3000 0.4690 0.6537 0.6104 5 '222-----00' 1.0000
topTuneBoost_Hard2005_alpha10 10 375 0.0251 0.3000 0.2394 0.1409 0.0948 0 '0001010010' 0.2500
topTuneBoost_Hard2005_alpha10 10 378 0.0227 0.1000 0.2201 0.1852 0.0192 2 '10000-000-' 1.0000
topTuneBoost_Hard2005_alpha10 10 383 0.0017 0.0000 0.0000 0.0428 0.0289 3 '000000---0' 0.0130
topTuneBoost_Hard2005_alpha10 10 389 0.0089 0.1000 0.0469 0.0861 0.0761 2 '0000-010-0' 0.1429
topTuneBoost_Hard2005_alpha10 10 393 0.0025 0.1000 0.0851 0.0284 0.0176 2 '00002000--' 0.2000
topTuneBoost_Hard2005_alpha10 10 394 0.1059 0.8000 0.7163 0.2353 0.1430 1 '-111111110' 0.5000
topTuneBoost_Hard2005_alpha10 10 397 0.0229 0.0000 0.0000 0.2884 0.0234 6 '0----0-0-0' 0.0042
topTuneBoost_Hard2005_alpha10 10 399 0.0163 0.5000 0.3425 0.1104 0.0976 2 '00202121--' 0.3333
topTuneBoost_Hard2005_alpha10 10 401 0.0226 0.3000 0.2900 0.1282 0.0936 4 '--222000--' 0.3333
topTuneBoost_Hard2005_alpha10 10 404 0.0312 0.7000 0.4385 0.1520 0.1153 1 '12011-0111' 1.0000
topTuneBoost_Hard2005_alpha10 10 408 0.0370 0.2000 0.3149 0.1969 0.1363 3 '2-02-000-0' 1.0000
topTuneBoost_Hard2005_alpha10 10 409 0.0336 0.6000 0.4057 0.1376 0.1196 0 '0112022100' 0.5000
topTuneBoost_Hard2005_alpha10 10 416 0.2754 0.5000 0.3480 0.5533 0.3880 2 '-20-101022' 0.5000
topTuneBoost_Hard2005_alpha10 10 419 0.0066 0.0000 0.0000 0.1085 0.0311 3 '000-0-00-0' 0.0833
topTuneBoost_Hard2005_alpha10 10 426 0.0020 0.0000 0.0000 0.0709 0.0714 10 '----------' 0.0045
topTuneBoost_Hard2005_alpha10 10 427 0.0043 0.1000 0.0474 0.0206 0.0163 6 '0001------' 0.2500
topTuneBoost_Hard2005_alpha10 10 433 0.0145 0.0000 0.0000 0.1024 0.0947 7 '0-------00' 0.0714
topTuneBoost_Hard2005_alpha10 10 435 0.1233 0.2000 0.0739 0.3522 0.3489 3 '0000-101--' 0.1667
topTuneBoost_Hard2005_alpha10 10 436 0.0359 0.8000 0.6247 0.1783 0.1087 0 '2210101112' 1.0000
topTuneBoost_Hard2005_alpha10 10 439 0.0116 0.1000 0.0663 0.1558 0.1562 3 '0000--0-20' 0.1111
topTuneBoost_Hard2005_alpha10 10 443 0.0524 0.4000 0.4537 0.2686 0.2019 2 '12220000--' 1.0000
topTuneBoost_Hard2005_alpha10 10 448 0.0011 0.0000 0.0000 0.0453 0.0270 8 '0--------0' 0.0059
topTuneBoost_Hard2005_alpha10 10 622 0.0960 0.6000 0.4264 0.2339 0.1710 0 '0020022122' 0.3333
topTuneBoost_Hard2005_alpha10 10 625 0.0101 0.1000 0.2201 0.1075 0.0137 1 '2000000-00' 1.0000
topTuneBoost_Hard2005_alpha10 10 638 0.0015 0.0000 0.0000 0.0665 0.0765 5 '00000-----' 0.0333
topTuneBoost_Hard2005_alpha10 10 639 0.0274 0.5000 0.2931 0.1261 0.1174 0 '1100110001' 1.0000
topTuneBoost_Hard2005_alpha10 10 648 0.1352 0.6000 0.5087 0.3069 0.1926 3 '112221---0' 1.0000
topTuneBoost_Hard2005_alpha10 10 650 0.0032 0.0000 0.0000 0.0806 0.0000 0 '0000000000' 0.0204
topTuneBoost_Hard2005_alpha10 10 651 0.0045 0.0000 0.0000 0.0776 0.0568 3 '00000--00-' 0.0588
topTuneBoost_Hard2005_alpha10 10 658 0.0401 0.2000 0.1136 0.2231 0.1757 1 '000100002-' 0.2500
topTuneBoost_Hard2005_alpha10 10 689 0.0257 0.0000 0.0000 0.1707 0.1313 5 '--00-000--' 0.0909
topTuneBoost_Hard2005_alpha2 2 303 0.4193 0.4000 0.4986 0.7957 0.4135 0 '2200002020' 1.0000
topTuneBoost_Hard2005_alpha2 2 307 0.3154 1.0000 0.6077 0.5183 0.4157 0 '1111122112' 1.0000
topTuneBoost_Hard2005_alpha2 2 310 0.0586 0.3000 0.1858 0.2727 0.0890 0 '1000001010' 1.0000
topTuneBoost_Hard2005_alpha2 2 314 0.0031 0.1000 0.0815 0.0721 0.0121 2 '0000002--0' 0.1429
topTuneBoost_Hard2005_alpha2 2 322 0.0037 0.1000 0.0694 0.0718 0.0222 0 '0000000200' 0.1250
topTuneBoost_Hard2005_alpha2 2 325 0.4734 0.2000 0.2002 0.7444 0.6506 0 '1010000000' 1.0000
topTuneBoost_Hard2005_alpha2 2 330 0.3391 0.5000 0.3929 0.7144 0.4038 0 '0111000110' 0.5000
topTuneBoost_Hard2005_alpha2 2 336 0.4711 0.8000 0.5650 0.7050 0.4768 0 '1012120212' 1.0000
topTuneBoost_Hard2005_alpha2 2 341 0.1221 0.2000 0.0831 0.3806 0.1717 0 '0000000011' 0.1111
topTuneBoost_Hard2005_alpha2 2 344 0.0707 0.4000 0.1585 0.3055 0.1196 1 '0-01101001' 0.2500
topTuneBoost_Hard2005_alpha2 2 345 0.0141 0.0000 0.0000 0.2239 0.0000 0 '0000000000' 0.0370
topTuneBoost_Hard2005_alpha2 2 347 0.2491 0.5000 0.4620 0.6018 0.3117 0 '0222200010' 0.5000
topTuneBoost_Hard2005_alpha2 2 353 0.0573 0.1000 0.0543 0.2888 0.0431 0 '0000000010' 0.1111
topTuneBoost_Hard2005_alpha2 2 354 0.1896 0.7000 0.7788 0.4878 0.4193 0 '2222200022' 1.0000
topTuneBoost_Hard2005_alpha2 2 362 0.1692 0.7000 0.5279 0.4722 0.2093 0 '2111010012' 1.0000
topTuneBoost_Hard2005_alpha2 2 363 0.1032 0.4000 0.3909 0.4326 0.1542 0 '0220020002' 0.5000
topTuneBoost_Hard2005_alpha2 2 367 0.0721 0.3000 0.2547 0.3988 0.0886 0 '0020020020' 0.3333
topTuneBoost_Hard2005_alpha2 2 372 0.0943 0.1000 0.1022 0.4614 0.0953 0 '0100000000' 0.5000
topTuneBoost_Hard2005_alpha2 2 374 0.5985 0.7000 0.5382 0.8527 0.7073 0 '1212011002' 1.0000
topTuneBoost_Hard2005_alpha2 2 375 0.2034 0.4000 0.3597 0.6417 0.1692 0 '0100100110' 0.5000
topTuneBoost_Hard2005_alpha2 2 378 0.1263 0.1000 0.0948 0.4719 0.1661 0 '0001000000' 0.2500
topTuneBoost_Hard2005_alpha2 2 383 0.0306 0.0000 0.0000 0.2611 0.0232 0 '0000000000' 0.0303
topTuneBoost_Hard2005_alpha2 2 389 0.0255 0.0000 0.0000 0.2408 0.0554 0 '0000000000' 0.0417
topTuneBoost_Hard2005_alpha2 2 393 0.0351 0.0000 0.0000 0.2389 0.0678 0 '0000000000' 0.0526
topTuneBoost_Hard2005_alpha2 2 394 0.3013 0.8000 0.8701 0.5861 0.3591 0 '1111111100' 1.0000
topTuneBoost_Hard2005_alpha2 2 397 0.0510 0.2000 0.3149 0.3866 0.0492 0 '1001000000' 1.0000
topTuneBoost_Hard2005_alpha2 2 399 0.1325 0.6000 0.6085 0.3896 0.2864 0 '2220011002' 1.0000
topTuneBoost_Hard2005_alpha2 2 401 0.0698 0.0000 0.0000 0.3685 0.1254 0 '0000000000' 0.0909
topTuneBoost_Hard2005_alpha2 2 404 0.2103 0.5000 0.3208 0.5469 0.3729 0 '0102201100' 0.5000
topTuneBoost_Hard2005_alpha2 2 408 0.1031 0.1000 0.0694 0.4174 0.1192 0 '0100000000' 0.5000
topTuneBoost_Hard2005_alpha2 2 409 0.3004 0.3000 0.4035 0.7104 0.3011 0 '2020002000' 1.0000
topTuneBoost_Hard2005_alpha2 2 416 0.3807 0.6000 0.3673 0.7389 0.3643 0 '1110000121' 1.0000
topTuneBoost_Hard2005_alpha2 2 419 0.0950 0.2000 0.2051 0.3824 0.1246 0 '0200000020' 0.5000
topTuneBoost_Hard2005_alpha2 2 426 0.0300 0.1000 0.0636 0.2361 0.1057 0 '0000000002' 0.1000
topTuneBoost_Hard2005_alpha2 2 427 0.2679 0.8000 0.5518 0.5586 0.3115 0 '1020221112' 1.0000
topTuneBoost_Hard2005_alpha2 2 433 0.0653 0.1000 0.2201 0.2956 0.0864 0 '2000000000' 1.0000
topTuneBoost_Hard2005_alpha2 2 435 0.2688 0.5000 0.2367 0.6041 0.3392 0 '0001210011' 0.2500
topTuneBoost_Hard2005_alpha2 2 436 0.4064 0.5000 0.3643 0.6026 0.5682 0 '2000101011' 1.0000
topTuneBoost_Hard2005_alpha2 2 439 0.0412 0.1000 0.0550 0.2712 0.0782 0 '0010000000' 0.3333
topTuneBoost_Hard2005_alpha2 2 443 0.2148 0.5000 0.5873 0.5311 0.3745 0 '2220200010' 1.0000
topTuneBoost_Hard2005_alpha2 2 448 0.0141 0.0000 0.0000 0.1810 0.0206 0 '0000000000' 0.0357
topTuneBoost_Hard2005_alpha2 2 622 0.2883 0.7000 0.6321 0.6270 0.3810 0 '0222202022' 0.5000
topTuneBoost_Hard2005_alpha2 2 625 0.0145 0.2000 0.1795 0.1477 0.0232 0 '0120000000' 0.5000
topTuneBoost_Hard2005_alpha2 2 638 0.0907 0.3000 0.1429 0.3339 0.2639 2 '00-01010-2' 0.2000
topTuneBoost_Hard2005_alpha2 2 639 0.1785 0.4000 0.1363 0.4782 0.2884 0 '0000001111' 0.1429
topTuneBoost_Hard2005_alpha2 2 648 0.5440 1.0000 0.7597 0.7633 0.5327 0 '2111221221' 1.0000
topTuneBoost_Hard2005_alpha2 2 650 0.0390 0.1000 0.1053 0.3105 0.0635 0 '0002000000' 0.2500
topTuneBoost_Hard2005_alpha2 2 651 0.0075 0.0000 0.0000 0.1424 0.0062 0 '0000000000' 0.0123
topTuneBoost_Hard2005_alpha2 2 658 0.1883 0.3000 0.1775 0.5495 0.2498 0 '0100002100' 0.5000
topTuneBoost_Hard2005_alpha2 2 689 0.0355 0.1000 0.0851 0.2545 0.1107 2 '000020-0-0' 0.2000
topTuneBoost_Hard2005_alpha3 3 303 0.4202 0.4000 0.4986 0.7964 0.4116 0 '2200002020' 1.0000
topTuneBoost_Hard2005_alpha3 3 307 0.3146 1.0000 0.6470 0.5133 0.4109 0 '1112111222' 1.0000
topTuneBoost_Hard2005_alpha3 3 310 0.0450 0.1000 0.1137 0.2301 0.0788 0 '1000000000' 1.0000
topTuneBoost_Hard2005_alpha3 3 314 0.0016 0.0000 0.0000 0.0597 0.0017 0 '0000000000' 0.0102
topTuneBoost_Hard2005_alpha3 3 322 0.0013 0.0000 0.0000 0.0536 0.0071 0 '0000000000' 0.0179
topTuneBoost_Hard2005_alpha3 3 325 0.4942 0.5000 0.2946 0.7556 0.6636 0 '0111010001' 0.5000
topTuneBoost_Hard2005_alpha3 3 330 0.3510 0.5000 0.3853 0.6997 0.4574 0 '0110011100' 0.5000
topTuneBoost_Hard2005_alpha3 3 336 0.4324 0.8000 0.5314 0.6806 0.4512 0 '1012201121' 1.0000
topTuneBoost_Hard2005_alpha3 3 341 0.1271 0.1000 0.0469 0.3670 0.1819 0 '0000001000' 0.1429
topTuneBoost_Hard2005_alpha3 3 344 0.0649 0.3000 0.1467 0.2851 0.1116 1 '010-100100' 0.5000
topTuneBoost_Hard2005_alpha3 3 345 0.0071 0.0000 0.0000 0.1333 0.0000 0 '0000000000' 0.0164
topTuneBoost_Hard2005_alpha3 3 347 0.2524 0.5000 0.4636 0.6035 0.3195 0 '0222200100' 0.5000
topTuneBoost_Hard2005_alpha3 3 353 0.0562 0.1000 0.0643 0.2920 0.0635 0 '0000010000' 0.1667
topTuneBoost_Hard2005_alpha3 3 354 0.1769 0.7000 0.7788 0.4725 0.4175 0 '2222200022' 1.0000
topTuneBoost_Hard2005_alpha3 3 362 0.1505 0.9000 0.7306 0.4709 0.1810 0 '2101122222' 1.0000
topTuneBoost_Hard2005_alpha3 3 363 0.0888 0.4000 0.3909 0.3686 0.1388 0 '0220020002' 0.5000
topTuneBoost_Hard2005_alpha3 3 367 0.0766 0.3000 0.2903 0.4099 0.0933 0 '0200200020' 0.5000
topTuneBoost_Hard2005_alpha3 3 372 0.0863 0.1000 0.0698 0.4455 0.0939 0 '0001000000' 0.2500
topTuneBoost_Hard2005_alpha3 3 374 0.6071 0.8000 0.5257 0.8514 0.7303 0 '1121120110' 1.0000
topTuneBoost_Hard2005_alpha3 3 375 0.1868 0.3000 0.3024 0.5851 0.1680 0 '0100110000' 0.5000
topTuneBoost_Hard2005_alpha3 3 378 0.1221 0.1000 0.1100 0.4525 0.1734 0 '0010000000' 0.3333
topTuneBoost_Hard2005_alpha3 3 383 0.0312 0.0000 0.0000 0.2763 0.0189 0 '0000000000' 0.0213
topTuneBoost_Hard2005_alpha3 3 389 0.0223 0.0000 0.0000 0.2143 0.0576 0 '0000000000' 0.0769
topTuneBoost_Hard2005_alpha3 3 393 0.0307 0.0000 0.0000 0.2201 0.0595 0 '0000000000' 0.0588
topTuneBoost_Hard2005_alpha3 3 394 0.2540 0.8000 0.8701 0.5317 0.2984 0 '1111111100' 1.0000
topTuneBoost_Hard2005_alpha3 3 397 0.0650 0.1000 0.2201 0.4258 0.0309 0 '1000000000' 1.0000
topTuneBoost_Hard2005_alpha3 3 399 0.1116 0.5000 0.5454 0.3734 0.2811 0 '2212001000' 1.0000
topTuneBoost_Hard2005_alpha3 3 401 0.0567 0.3000 0.2583 0.3469 0.1115 0 '0002220000' 0.2500
topTuneBoost_Hard2005_alpha3 3 404 0.1877 0.4000 0.2821 0.5394 0.3473 0 '1002100100' 1.0000
topTuneBoost_Hard2005_alpha3 3 408 0.1007 0.1000 0.0694 0.4037 0.1354 0 '0100000000' 0.5000
topTuneBoost_Hard2005_alpha3 3 409 0.2687 0.5000 0.4801 0.6863 0.2857 0 '2021000210' 1.0000
topTuneBoost_Hard2005_alpha3 3 416 0.3900 0.8000 0.4199 0.7423 0.3827 0 '1010112111' 1.0000
topTuneBoost_Hard2005_alpha3 3 419 0.0847 0.1000 0.1389 0.3672 0.0727 0 '0200000000' 0.5000
topTuneBoost_Hard2005_alpha3 3 426 0.0208 0.1000 0.0663 0.2190 0.0850 0 '0000000020' 0.1111
topTuneBoost_Hard2005_alpha3 3 427 0.2638 0.8000 0.5518 0.5455 0.3115 0 '1020221112' 1.0000
topTuneBoost_Hard2005_alpha3 3 433 0.0623 0.1000 0.2201 0.2893 0.0905 0 '2000000000' 1.0000
topTuneBoost_Hard2005_alpha3 3 435 0.2789 0.4000 0.1927 0.6049 0.3737 0 '0010001120' 0.3333
topTuneBoost_Hard2005_alpha3 3 436 0.3556 0.6000 0.4634 0.5733 0.5202 0 '2011100102' 1.0000
topTuneBoost_Hard2005_alpha3 3 439 0.0413 0.1000 0.0347 0.2702 0.0781 0 '0000000100' 0.1250
topTuneBoost_Hard2005_alpha3 3 443 0.1994 0.4000 0.5638 0.5224 0.3660 0 '2222000000' 1.0000
topTuneBoost_Hard2005_alpha3 3 448 0.0139 0.0000 0.0000 0.1783 0.0268 0 '0000000000' 0.0385
topTuneBoost_Hard2005_alpha3 3 622 0.2565 0.7000 0.6429 0.5859 0.3544 0 '0222220220' 0.5000
topTuneBoost_Hard2005_alpha3 3 625 0.0190 0.2000 0.2751 0.1782 0.0236 0 '2010000000' 1.0000
topTuneBoost_Hard2005_alpha3 3 638 0.0659 0.3000 0.1041 0.3110 0.2403 2 '00-0010-11' 0.1667
topTuneBoost_Hard2005_alpha3 3 639 0.1634 0.3000 0.1215 0.4504 0.2898 0 '0010000101' 0.3333
topTuneBoost_Hard2005_alpha3 3 648 0.4797 1.0000 0.7509 0.7025 0.5054 0 '1211221222' 1.0000
topTuneBoost_Hard2005_alpha3 3 650 0.0356 0.1000 0.1053 0.3046 0.0439 0 '0002000000' 0.2500
topTuneBoost_Hard2005_alpha3 3 651 0.0075 0.0000 0.0000 0.1382 0.0177 0 '0000000000' 0.0400
topTuneBoost_Hard2005_alpha3 3 658 0.1807 0.2000 0.1428 0.5503 0.2555 0 '0100002000' 0.5000
topTuneBoost_Hard2005_alpha3 3 689 0.0341 0.1000 0.1100 0.2341 0.1182 2 '002--00000' 0.3333
topTuneBoost_Hard2005_alpha4 4 303 0.3815 0.4000 0.3195 0.7380 0.3943 0 '0002202020' 0.2500
topTuneBoost_Hard2005_alpha4 4 307 0.3016 0.9000 0.6053 0.4989 0.4053 0 '1122111210' 1.0000
topTuneBoost_Hard2005_alpha4 4 310 0.0222 0.1000 0.0490 0.1655 0.0589 0 '0001000000' 0.2500
topTuneBoost_Hard2005_alpha4 4 314 0.0013 0.0000 0.0000 0.0565 0.0010 0 '0000000000' 0.0068
topTuneBoost_Hard2005_alpha4 4 322 0.0007 0.0000 0.0000 0.0449 0.0017 0 '0000000000' 0.0123
topTuneBoost_Hard2005_alpha4 4 325 0.4932 0.5000 0.2887 0.7554 0.6701 0 '0110110001' 0.5000
topTuneBoost_Hard2005_alpha4 4 330 0.3441 0.6000 0.4483 0.6855 0.4903 0 '0111001011' 0.5000
topTuneBoost_Hard2005_alpha4 4 336 0.3924 0.8000 0.5161 0.6422 0.4161 0 '1010221211' 1.0000
topTuneBoost_Hard2005_alpha4 4 341 0.1339 0.1000 0.0501 0.3457 0.1804 0 '0000010000' 0.1667
topTuneBoost_Hard2005_alpha4 4 344 0.0590 0.5000 0.2261 0.2481 0.0970 1 '01100-1011' 0.5000
topTuneBoost_Hard2005_alpha4 4 345 0.0035 0.0000 0.0000 0.1165 0.0000 0 '0000000000' 0.0103
topTuneBoost_Hard2005_alpha4 4 347 0.2361 0.5000 0.4491 0.5911 0.3237 0 '0220221000' 0.5000
topTuneBoost_Hard2005_alpha4 4 353 0.0572 0.2000 0.1186 0.3046 0.0771 0 '0000010010' 0.1667
topTuneBoost_Hard2005_alpha4 4 354 0.1604 0.8000 0.8482 0.4448 0.3976 0 '2222200222' 1.0000
topTuneBoost_Hard2005_alpha4 4 362 0.1351 0.9000 0.7556 0.4362 0.1654 0 '2102222211' 1.0000
topTuneBoost_Hard2005_alpha4 4 363 0.0776 0.4000 0.3977 0.3097 0.1313 0 '0220200002' 0.5000
topTuneBoost_Hard2005_alpha4 4 367 0.0763 0.2000 0.2337 0.4101 0.0970 0 '0202000000' 0.5000
topTuneBoost_Hard2005_alpha4 4 372 0.0788 0.1000 0.0698 0.4376 0.0978 0 '0001000000' 0.2500
topTuneBoost_Hard2005_alpha4 4 374 0.5878 0.8000 0.4986 0.8369 0.7315 0 '1111022011' 1.0000
topTuneBoost_Hard2005_alpha4 4 375 0.1567 0.2000 0.3052 0.5671 0.1568 0 '1000100000' 1.0000
topTuneBoost_Hard2005_alpha4 4 378 0.1253 0.2000 0.2837 0.4759 0.1649 0 '1000000001' 1.0000
topTuneBoost_Hard2005_alpha4 4 383 0.0270 0.0000 0.0000 0.2600 0.0190 0 '0000000000' 0.0161
topTuneBoost_Hard2005_alpha4 4 389 0.0166 0.0000 0.0000 0.1761 0.0705 0 '0000000000' 0.0833
topTuneBoost_Hard2005_alpha4 4 393 0.0304 0.0000 0.0000 0.2185 0.0625 0 '0000000000' 0.0667
topTuneBoost_Hard2005_alpha4 4 394 0.2215 0.9000 0.9337 0.4402 0.2908 0 '1111111101' 1.0000
topTuneBoost_Hard2005_alpha4 4 397 0.0660 0.1000 0.2201 0.4225 0.0251 0 '1000000000' 1.0000
topTuneBoost_Hard2005_alpha4 4 399 0.0846 0.6000 0.5573 0.3488 0.2776 0 '2210020011' 1.0000
topTuneBoost_Hard2005_alpha4 4 401 0.0632 0.3000 0.4690 0.3430 0.0987 2 '2220000--0' 1.0000
topTuneBoost_Hard2005_alpha4 4 404 0.1473 0.4000 0.2974 0.4760 0.3266 0 '1020100100' 1.0000
topTuneBoost_Hard2005_alpha4 4 408 0.0940 0.1000 0.0694 0.3842 0.1490 0 '0100000000' 0.5000
topTuneBoost_Hard2005_alpha4 4 409 0.2187 0.5000 0.4883 0.6472 0.2783 0 '2101200020' 1.0000
topTuneBoost_Hard2005_alpha4 4 416 0.3921 0.8000 0.4181 0.7447 0.3883 0 '1001211111' 1.0000
topTuneBoost_Hard2005_alpha4 4 419 0.0510 0.1000 0.1100 0.3138 0.0519 0 '0020000000' 0.3333
topTuneBoost_Hard2005_alpha4 4 426 0.0108 0.0000 0.0000 0.1708 0.0641 1 '00000-0000' 0.0500
topTuneBoost_Hard2005_alpha4 4 427 0.2387 0.7000 0.4680 0.5110 0.3062 0 '1002220111' 1.0000
topTuneBoost_Hard2005_alpha4 4 433 0.0409 0.1000 0.1389 0.2038 0.0974 0 '0200000000' 0.5000
topTuneBoost_Hard2005_alpha4 4 435 0.2618 0.3000 0.1111 0.5643 0.3966 0 '0000101001' 0.2000
topTuneBoost_Hard2005_alpha4 4 436 0.2552 0.7000 0.5644 0.5085 0.4392 0 '2011100222' 1.0000
topTuneBoost_Hard2005_alpha4 4 439 0.0396 0.1000 0.0663 0.2624 0.0949 0 '0000000020' 0.1111
topTuneBoost_Hard2005_alpha4 4 443 0.1797 0.4000 0.5638 0.5042 0.3527 0 '2222000000' 1.0000
topTuneBoost_Hard2005_alpha4 4 448 0.0130 0.0000 0.0000 0.1741 0.0240 0 '0000000000' 0.0417
topTuneBoost_Hard2005_alpha4 4 622 0.2094 0.7000 0.6500 0.5286 0.3169 0 '0222222200' 0.5000
topTuneBoost_Hard2005_alpha4 4 625 0.0128 0.1000 0.2201 0.1568 0.0183 0 '2000000000' 1.0000
topTuneBoost_Hard2005_alpha4 4 638 0.0307 0.2000 0.0665 0.2463 0.1968 1 '00000-0101' 0.1250
topTuneBoost_Hard2005_alpha4 4 639 0.1264 0.3000 0.1264 0.3772 0.2792 0 '0010001100' 0.3333
topTuneBoost_Hard2005_alpha4 4 648 0.3973 1.0000 0.7364 0.6451 0.4463 0 '1121221222' 1.0000
topTuneBoost_Hard2005_alpha4 4 650 0.0312 0.1000 0.0946 0.2933 0.0273 0 '0000200000' 0.2000
topTuneBoost_Hard2005_alpha4 4 651 0.0073 0.1000 0.0636 0.1389 0.0281 0 '0000000002' 0.1000
topTuneBoost_Hard2005_alpha4 4 658 0.1647 0.2000 0.1357 0.5429 0.2630 0 '0100000020' 0.5000
topTuneBoost_Hard2005_alpha4 4 689 0.0326 0.1000 0.1100 0.1897 0.1250 4 '002--00--0' 0.3333
topTuneBoost_Hard2005_alpha5 5 303 0.3556 0.4000 0.3195 0.7299 0.3855 0 '0002202020' 0.2500
topTuneBoost_Hard2005_alpha5 5 307 0.2539 0.8000 0.5866 0.4549 0.3811 0 '1221101120' 1.0000
topTuneBoost_Hard2005_alpha5 5 310 0.0120 0.1000 0.0405 0.1301 0.0369 0 '0000010000' 0.1667
topTuneBoost_Hard2005_alpha5 5 314 0.0009 0.0000 0.0000 0.0442 0.0010 0 '0000000000' 0.0065
topTuneBoost_Hard2005_alpha5 5 322 0.0003 0.0000 0.0000 0.0303 0.0000 1 '0000000-00' 0.0100
topTuneBoost_Hard2005_alpha5 5 325 0.4811 0.5000 0.2699 0.7523 0.6752 0 '0101010101' 0.5000
topTuneBoost_Hard2005_alpha5 5 330 0.3140 0.6000 0.5116 0.6654 0.5041 0 '1011000111' 1.0000
topTuneBoost_Hard2005_alpha5 5 336 0.3471 0.8000 0.5187 0.5981 0.3679 0 '1002212111' 1.0000
topTuneBoost_Hard2005_alpha5 5 341 0.1366 0.1000 0.0501 0.3463 0.1855 0 '0000010000' 0.1667
topTuneBoost_Hard2005_alpha5 5 344 0.0657 0.6000 0.3170 0.2510 0.1070 0 '1011001110' 1.0000
topTuneBoost_Hard2005_alpha5 5 345 0.0013 0.0000 0.0000 0.0596 0.0000 1 '00000000-0' 0.0071
topTuneBoost_Hard2005_alpha5 5 347 0.2052 0.6000 0.5128 0.5704 0.3201 0 '0220221002' 0.5000
topTuneBoost_Hard2005_alpha5 5 353 0.0530 0.2000 0.1299 0.3009 0.0884 0 '0000101000' 0.2000
topTuneBoost_Hard2005_alpha5 5 354 0.1488 0.8000 0.8482 0.4298 0.3857 0 '2222200222' 1.0000
topTuneBoost_Hard2005_alpha5 5 362 0.1200 0.9000 0.8734 0.3739 0.1634 0 '2220222221' 1.0000
topTuneBoost_Hard2005_alpha5 5 363 0.0758 0.4000 0.4695 0.2954 0.1317 0 '2002200200' 1.0000
topTuneBoost_Hard2005_alpha5 5 367 0.0788 0.4000 0.3635 0.4141 0.1018 0 '0202000022' 0.5000
topTuneBoost_Hard2005_alpha5 5 372 0.0694 0.1000 0.0627 0.4175 0.0986 1 '000010000-' 0.2000
topTuneBoost_Hard2005_alpha5 5 374 0.5616 0.8000 0.4957 0.8274 0.7348 0 '1111012201' 1.0000
topTuneBoost_Hard2005_alpha5 5 375 0.0988 0.2000 0.2895 0.4285 0.1448 0 '1000000100' 1.0000
topTuneBoost_Hard2005_alpha5 5 378 0.1089 0.2000 0.2863 0.4422 0.1487 0 '1000000010' 1.0000
topTuneBoost_Hard2005_alpha5 5 383 0.0183 0.0000 0.0000 0.2207 0.0242 0 '0000000000' 0.0137
topTuneBoost_Hard2005_alpha5 5 389 0.0108 0.1000 0.0407 0.1208 0.0750 0 '0000000001' 0.1000
topTuneBoost_Hard2005_alpha5 5 393 0.0233 0.0000 0.0000 0.1841 0.0679 0 '0000000000' 0.0625
topTuneBoost_Hard2005_alpha5 5 394 0.1894 0.9000 0.9364 0.4212 0.2734 0 '1111111110' 1.0000
topTuneBoost_Hard2005_alpha5 5 397 0.0537 0.1000 0.1389 0.3868 0.0257 0 '0100000000' 0.5000
topTuneBoost_Hard2005_alpha5 5 399 0.0739 0.4000 0.4507 0.3361 0.2750 3 '2210001---' 1.0000
topTuneBoost_Hard2005_alpha5 5 401 0.0544 0.3000 0.4690 0.2840 0.1045 3 '22200---00' 1.0000
topTuneBoost_Hard2005_alpha5 5 404 0.1065 0.4000 0.3262 0.3739 0.2901 1 '120010010-' 1.0000
topTuneBoost_Hard2005_alpha5 5 408 0.0694 0.1000 0.0694 0.3040 0.1468 0 '0100000000' 0.5000
topTuneBoost_Hard2005_alpha5 5 409 0.1670 0.5000 0.4892 0.5960 0.2697 0 '2110020020' 1.0000
topTuneBoost_Hard2005_alpha5 5 416 0.3899 0.8000 0.4181 0.7398 0.3932 0 '1001211111' 1.0000
topTuneBoost_Hard2005_alpha5 5 419 0.0408 0.1000 0.1100 0.2958 0.0554 0 '0020000000' 0.3333
topTuneBoost_Hard2005_alpha5 5 426 0.0043 0.0000 0.0000 0.1073 0.0539 4 '-000000---' 0.0120
topTuneBoost_Hard2005_alpha5 5 427 0.2300 0.7000 0.4680 0.4724 0.3038 0 '1002220111' 1.0000
topTuneBoost_Hard2005_alpha5 5 433 0.0618 0.3000 0.2900 0.2125 0.1221 0 '0022200000' 0.3333
topTuneBoost_Hard2005_alpha5 5 435 0.2446 0.3000 0.1057 0.5276 0.4049 0 '0000010101' 0.1667
topTuneBoost_Hard2005_alpha5 5 436 0.1634 0.8000 0.6378 0.3884 0.3152 0 '2011102222' 1.0000
topTuneBoost_Hard2005_alpha5 5 439 0.0353 0.0000 0.0000 0.2488 0.1111 0 '0000000000' 0.0909
topTuneBoost_Hard2005_alpha5 5 443 0.1525 0.4000 0.5638 0.4668 0.3348 0 '2222000000' 1.0000
topTuneBoost_Hard2005_alpha5 5 448 0.0117 0.0000 0.0000 0.1643 0.0232 0 '0000000000' 0.0417
topTuneBoost_Hard2005_alpha5 5 622 0.1732 0.7000 0.6469 0.4480 0.2845 0 '0222222020' 0.5000
topTuneBoost_Hard2005_alpha5 5 625 0.0124 0.1000 0.2201 0.1499 0.0137 0 '2000000000' 1.0000
topTuneBoost_Hard2005_alpha5 5 638 0.0164 0.2000 0.0710 0.1647 0.1260 1 '0000010-01' 0.1667
topTuneBoost_Hard2005_alpha5 5 639 0.0928 0.3000 0.1289 0.2920 0.2418 0 '0010010100' 0.3333
topTuneBoost_Hard2005_alpha5 5 648 0.3150 1.0000 0.7384 0.5308 0.4114 0 '1121222122' 1.0000
topTuneBoost_Hard2005_alpha5 5 650 0.0267 0.1000 0.0946 0.2786 0.0273 0 '0000200000' 0.2000
topTuneBoost_Hard2005_alpha5 5 651 0.0090 0.2000 0.1370 0.1216 0.0321 0 '0000002002' 0.1429
topTuneBoost_Hard2005_alpha5 5 658 0.1497 0.2000 0.1331 0.5320 0.2675 0 '0100000002' 0.5000
topTuneBoost_Hard2005_alpha5 5 689 0.0346 0.1000 0.1100 0.1933 0.1306 5 '002-00----' 0.3333
topTuneBoost_Hard2005_alpha6 6 303 0.3130 0.4000 0.3195 0.7096 0.3761 0 '0002202020' 0.2500
topTuneBoost_Hard2005_alpha6 6 307 0.1631 0.5000 0.4862 0.3506 0.3031 0 '2121010000' 1.0000
topTuneBoost_Hard2005_alpha6 6 310 0.0066 0.0000 0.0000 0.0895 0.0348 0 '0000000000' 0.0909
topTuneBoost_Hard2005_alpha6 6 314 0.0008 0.0000 0.0000 0.0431 0.0007 0 '0000000000' 0.0062
topTuneBoost_Hard2005_alpha6 6 322 0.0002 0.0000 0.0000 0.0175 0.0000 1 '00-0000000' 0.0068
topTuneBoost_Hard2005_alpha6 6 325 0.4643 0.6000 0.2985 0.7459 0.6772 0 '0011011110' 0.3333
topTuneBoost_Hard2005_alpha6 6 330 0.2755 0.6000 0.4986 0.6465 0.5051 0 '1001110011' 1.0000
topTuneBoost_Hard2005_alpha6 6 336 0.3240 0.8000 0.5423 0.5885 0.3600 0 '1012221011' 1.0000
topTuneBoost_Hard2005_alpha6 6 341 0.1312 0.1000 0.0501 0.3423 0.1775 0 '0000010000' 0.1667
topTuneBoost_Hard2005_alpha6 6 344 0.0697 0.6000 0.3309 0.2487 0.1169 1 '101111100-' 1.0000
topTuneBoost_Hard2005_alpha6 6 345 0.0006 0.0000 0.0000 0.0313 0.0000 1 '00000000-0' 0.0055
topTuneBoost_Hard2005_alpha6 6 347 0.1936 0.6000 0.5689 0.5721 0.3207 0 '2002120202' 1.0000
topTuneBoost_Hard2005_alpha6 6 353 0.0452 0.2000 0.1299 0.2747 0.0975 0 '0000101000' 0.2000
topTuneBoost_Hard2005_alpha6 6 354 0.1361 0.8000 0.8201 0.4186 0.3826 0 '2220022222' 1.0000
topTuneBoost_Hard2005_alpha6 6 362 0.1106 0.9000 0.8898 0.3421 0.1634 0 '2222202221' 1.0000
topTuneBoost_Hard2005_alpha6 6 363 0.0734 0.5000 0.5606 0.2612 0.1322 0 '2022000220' 1.0000
topTuneBoost_Hard2005_alpha6 6 367 0.0761 0.4000 0.3693 0.4112 0.1067 0 '0202000220' 0.5000
topTuneBoost_Hard2005_alpha6 6 372 0.0460 0.0000 0.0000 0.2839 0.0897 2 '0-000-0000' 0.0625
topTuneBoost_Hard2005_alpha6 6 374 0.5038 0.7000 0.4510 0.7822 0.6951 0 '1111010022' 1.0000
topTuneBoost_Hard2005_alpha6 6 375 0.0630 0.3000 0.3531 0.2905 0.1312 0 '1000000101' 1.0000
topTuneBoost_Hard2005_alpha6 6 378 0.0854 0.1000 0.2201 0.4089 0.1361 1 '100000000-' 1.0000
topTuneBoost_Hard2005_alpha6 6 383 0.0088 0.0000 0.0000 0.1593 0.0242 0 '0000000000' 0.0127
topTuneBoost_Hard2005_alpha6 6 389 0.0106 0.1000 0.0424 0.1141 0.0761 0 '0000000010' 0.1111
topTuneBoost_Hard2005_alpha6 6 393 0.0099 0.0000 0.0000 0.1081 0.0669 0 '0000000000' 0.0500
topTuneBoost_Hard2005_alpha6 6 394 0.1669 0.9000 0.9364 0.3914 0.2511 0 '1111111110' 1.0000
topTuneBoost_Hard2005_alpha6 6 397 0.0459 0.0000 0.0000 0.3644 0.0261 1 '000000000-' 0.0769
topTuneBoost_Hard2005_alpha6 6 399 0.0712 0.4000 0.4507 0.3306 0.2709 3 '2210001---' 1.0000
topTuneBoost_Hard2005_alpha6 6 401 0.0506 0.3000 0.4690 0.2415 0.0993 4 '22200----0' 1.0000
topTuneBoost_Hard2005_alpha6 6 404 0.0775 0.5000 0.3593 0.3127 0.2550 0 '1200100110' 1.0000
topTuneBoost_Hard2005_alpha6 6 408 0.0495 0.1000 0.0694 0.2383 0.1456 0 '0100000000' 0.5000
topTuneBoost_Hard2005_alpha6 6 409 0.0941 0.5000 0.4892 0.4340 0.2561 0 '2110020020' 1.0000
topTuneBoost_Hard2005_alpha6 6 416 0.3693 0.7000 0.3863 0.6929 0.3961 1 '100121111-' 1.0000
topTuneBoost_Hard2005_alpha6 6 419 0.0326 0.1000 0.0948 0.2736 0.0588 0 '0002000000' 0.2500
topTuneBoost_Hard2005_alpha6 6 426 0.0026 0.0000 0.0000 0.0771 0.0522 5 '-00--00-0-' 0.0071
topTuneBoost_Hard2005_alpha6 6 427 0.1708 0.4000 0.3566 0.4259 0.2794 2 '1002022-0-' 1.0000
topTuneBoost_Hard2005_alpha6 6 433 0.1120 0.3000 0.4690 0.3093 0.1111 0 '2220000000' 1.0000
topTuneBoost_Hard2005_alpha6 6 435 0.2295 0.4000 0.1363 0.5051 0.4030 0 '0000001111' 0.1429
topTuneBoost_Hard2005_alpha6 6 436 0.1356 0.8000 0.6011 0.2947 0.2207 0 '2011101222' 1.0000
topTuneBoost_Hard2005_alpha6 6 439 0.0329 0.0000 0.0000 0.2505 0.1237 0 '0000000000' 0.0909
topTuneBoost_Hard2005_alpha6 6 443 0.1286 0.4000 0.5638 0.4410 0.3180 0 '2222000000' 1.0000
topTuneBoost_Hard2005_alpha6 6 448 0.0105 0.0000 0.0000 0.1590 0.0214 1 '0000000-00' 0.0333
topTuneBoost_Hard2005_alpha6 6 622 0.1475 0.8000 0.6367 0.3105 0.2156 0 '0202222212' 0.5000
topTuneBoost_Hard2005_alpha6 6 625 0.0121 0.1000 0.2201 0.1490 0.0154 0 '2000000000' 1.0000
topTuneBoost_Hard2005_alpha6 6 638 0.0128 0.2000 0.0710 0.1314 0.1017 1 '000001-001' 0.1667
topTuneBoost_Hard2005_alpha6 6 639 0.0837 0.4000 0.2158 0.2077 0.1860 0 '1000010101' 1.0000
topTuneBoost_Hard2005_alpha6 6 648 0.2749 1.0000 0.7082 0.4973 0.3960 0 '1121222211' 1.0000
topTuneBoost_Hard2005_alpha6 6 650 0.0173 0.0000 0.0000 0.2177 0.0205 0 '0000000000' 0.0833
topTuneBoost_Hard2005_alpha6 6 651 0.0093 0.3000 0.2083 0.1171 0.0322 1 '0000020-22' 0.1667
topTuneBoost_Hard2005_alpha6 6 658 0.1259 0.2000 0.1331 0.5029 0.2666 0 '0100000002' 0.5000
topTuneBoost_Hard2005_alpha6 6 689 0.0363 0.1000 0.1100 0.1953 0.1348 5 '002-00----' 0.3333
topTuneBoost_Hard2005_alpha7 7 303 0.2274 0.4000 0.3195 0.6353 0.3778 0 '0002202020' 0.2500
topTuneBoost_Hard2005_alpha7 7 307 0.1159 0.5000 0.4788 0.2722 0.2126 0 '2121000001' 1.0000
topTuneBoost_Hard2005_alpha7 7 310 0.0044 0.0000 0.0000 0.0482 0.0329 0 '0000000000' 0.0769
topTuneBoost_Hard2005_alpha7 7 314 0.0007 0.0000 0.0000 0.0423 0.0009 0 '0000000000' 0.0061
topTuneBoost_Hard2005_alpha7 7 322 0.0002 0.0000 0.0000 0.0174 0.0000 3 '0-000-000-' 0.0039
topTuneBoost_Hard2005_alpha7 7 325 0.4346 0.6000 0.2985 0.7356 0.6777 1 '001101111-' 0.3333
topTuneBoost_Hard2005_alpha7 7 330 0.2394 0.6000 0.4986 0.6257 0.5069 0 '1001110011' 1.0000
topTuneBoost_Hard2005_alpha7 7 336 0.2877 0.7000 0.5033 0.5282 0.3384 0 '1012122010' 1.0000
topTuneBoost_Hard2005_alpha7 7 341 0.1264 0.1000 0.0501 0.3378 0.1709 0 '0000010000' 0.1667
topTuneBoost_Hard2005_alpha7 7 344 0.0570 0.6000 0.3071 0.2371 0.1311 2 '1--1110110' 1.0000
topTuneBoost_Hard2005_alpha7 7 345 0.0003 0.0000 0.0000 0.0268 0.0000 1 '0000000-00' 0.0023
topTuneBoost_Hard2005_alpha7 7 347 0.1838 0.5000 0.4765 0.5630 0.3255 0 '2001002220' 1.0000
topTuneBoost_Hard2005_alpha7 7 353 0.0474 0.2000 0.1299 0.2745 0.0975 0 '0000101000' 0.2000
topTuneBoost_Hard2005_alpha7 7 354 0.1192 0.7000 0.7168 0.4018 0.3759 1 '22002-2222' 1.0000
topTuneBoost_Hard2005_alpha7 7 362 0.0994 0.9000 0.8898 0.3351 0.1633 0 '2222202221' 1.0000
topTuneBoost_Hard2005_alpha7 7 363 0.0677 0.5000 0.5837 0.2586 0.1312 0 '2200202020' 1.0000
topTuneBoost_Hard2005_alpha7 7 367 0.0758 0.4000 0.3693 0.4107 0.1132 0 '0202000220' 0.5000
topTuneBoost_Hard2005_alpha7 7 372 0.0349 0.0000 0.0000 0.2436 0.0700 6 '----0000--' 0.0400
topTuneBoost_Hard2005_alpha7 7 374 0.4426 0.8000 0.5346 0.7127 0.6420 1 '111102212-' 1.0000
topTuneBoost_Hard2005_alpha7 7 375 0.0536 0.3000 0.3531 0.2136 0.1140 0 '1000000101' 1.0000
topTuneBoost_Hard2005_alpha7 7 378 0.0677 0.1000 0.2201 0.3598 0.1169 1 '100000-000' 1.0000
topTuneBoost_Hard2005_alpha7 7 383 0.0049 0.0000 0.0000 0.1130 0.0304 0 '0000000000' 0.0119
topTuneBoost_Hard2005_alpha7 7 389 0.0100 0.1000 0.0424 0.1097 0.0747 0 '0000000010' 0.1111
topTuneBoost_Hard2005_alpha7 7 393 0.0052 0.0000 0.0000 0.0703 0.0480 0 '0000000000' 0.0769
topTuneBoost_Hard2005_alpha7 7 394 0.1505 0.9000 0.9337 0.3734 0.2117 0 '1111111101' 1.0000
topTuneBoost_Hard2005_alpha7 7 397 0.0385 0.0000 0.0000 0.3253 0.0278 2 '00000000--' 0.0204
topTuneBoost_Hard2005_alpha7 7 399 0.0716 0.5000 0.5169 0.3314 0.2705 2 '2210001-2-' 1.0000
topTuneBoost_Hard2005_alpha7 7 401 0.0501 0.3000 0.4690 0.2334 0.1026 5 '22200-----' 1.0000
topTuneBoost_Hard2005_alpha7 7 404 0.0523 0.5000 0.3593 0.2432 0.2038 0 '1200100110' 1.0000
topTuneBoost_Hard2005_alpha7 7 408 0.0398 0.1000 0.0694 0.1834 0.1378 0 '0100000000' 0.5000
topTuneBoost_Hard2005_alpha7 7 409 0.0472 0.5000 0.4924 0.2198 0.1804 0 '2110020200' 1.0000
topTuneBoost_Hard2005_alpha7 7 416 0.3342 0.7000 0.3863 0.6069 0.3972 1 '100121111-' 1.0000
topTuneBoost_Hard2005_alpha7 7 419 0.0327 0.1000 0.0948 0.2722 0.0692 0 '0002000000' 0.2500
topTuneBoost_Hard2005_alpha7 7 426 0.0026 0.0000 0.0000 0.0766 0.0575 7 '-----00-0-' 0.0055
topTuneBoost_Hard2005_alpha7 7 427 0.0396 0.4000 0.3063 0.2569 0.1891 2 '0100222--0' 0.5000
topTuneBoost_Hard2005_alpha7 7 433 0.0710 0.3000 0.3437 0.2131 0.1070 2 '0222000-0-' 0.5000
topTuneBoost_Hard2005_alpha7 7 435 0.2143 0.4000 0.1879 0.4899 0.3972 0 '0000111200' 0.2000
topTuneBoost_Hard2005_alpha7 7 436 0.1143 0.8000 0.6011 0.2878 0.2156 0 '2011101222' 1.0000
topTuneBoost_Hard2005_alpha7 7 439 0.0337 0.1000 0.0318 0.2514 0.1334 0 '0000000001' 0.1000
topTuneBoost_Hard2005_alpha7 7 443 0.1050 0.5000 0.6064 0.3999 0.2890 0 '2222100000' 1.0000
topTuneBoost_Hard2005_alpha7 7 448 0.0088 0.0000 0.0000 0.1481 0.0219 2 '0-0000000-' 0.0333
topTuneBoost_Hard2005_alpha7 7 622 0.1397 0.7000 0.5715 0.2890 0.1999 0 '0202222120' 0.5000
topTuneBoost_Hard2005_alpha7 7 625 0.0114 0.1000 0.2201 0.1372 0.0157 0 '2000000000' 1.0000
topTuneBoost_Hard2005_alpha7 7 638 0.0100 0.1000 0.0367 0.1175 0.0977 2 '00000-1-00' 0.1429
topTuneBoost_Hard2005_alpha7 7 639 0.0760 0.4000 0.2240 0.2050 0.1863 0 '1001000101' 1.0000
topTuneBoost_Hard2005_alpha7 7 648 0.2453 1.0000 0.7082 0.4695 0.3728 0 '1121222211' 1.0000
topTuneBoost_Hard2005_alpha7 7 650 0.0119 0.0000 0.0000 0.1734 0.0088 0 '0000000000' 0.0400
topTuneBoost_Hard2005_alpha7 7 651 0.0091 0.3000 0.2150 0.1141 0.0322 2 '00002--022' 0.2000
topTuneBoost_Hard2005_alpha7 7 658 0.1191 0.2000 0.1331 0.4971 0.2677 0 '0100000002' 0.5000
topTuneBoost_Hard2005_alpha7 7 689 0.0369 0.1000 0.1100 0.1975 0.1358 5 '002-00----' 0.3333
topTuneBoost_Hard2005_alpha8 8 303 0.1924 0.4000 0.3195 0.6027 0.3782 0 '0002202020' 0.2500
topTuneBoost_Hard2005_alpha8 8 307 0.0694 0.5000 0.4553 0.2415 0.2050 0 '2102010001' 1.0000
topTuneBoost_Hard2005_alpha8 8 310 0.0021 0.0000 0.0000 0.0399 0.0301 0 '0000000000' 0.0217
topTuneBoost_Hard2005_alpha8 8 314 0.0006 0.0000 0.0000 0.0415 0.0005 0 '0000000000' 0.0058
topTuneBoost_Hard2005_alpha8 8 322 0.0001 0.0000 0.0000 0.0168 0.0000 3 '0---000000' 0.0022
topTuneBoost_Hard2005_alpha8 8 325 0.3905 0.3000 0.1378 0.7111 0.6767 3 '-0-01100-1' 0.2000
topTuneBoost_Hard2005_alpha8 8 330 0.1839 0.5000 0.4522 0.5615 0.4873 0 '1001111000' 1.0000
topTuneBoost_Hard2005_alpha8 8 336 0.2297 0.6000 0.4187 0.4903 0.3146 1 '101210102-' 1.0000
topTuneBoost_Hard2005_alpha8 8 341 0.1231 0.1000 0.0501 0.3265 0.1695 0 '0000010000' 0.1667
topTuneBoost_Hard2005_alpha8 8 344 0.0481 0.4000 0.2285 0.2279 0.1367 4 '1---1110-0' 1.0000
topTuneBoost_Hard2005_alpha8 8 345 0.0001 0.0000 0.0000 0.0240 0.0000 1 '0000000-00' 0.0011
topTuneBoost_Hard2005_alpha8 8 347 0.1708 0.4000 0.2931 0.5367 0.3281 0 '0021000220' 0.3333
topTuneBoost_Hard2005_alpha8 8 353 0.0608 0.2000 0.1600 0.2958 0.1088 0 '0010100000' 0.3333
topTuneBoost_Hard2005_alpha8 8 354 0.0997 0.6000 0.6028 0.3762 0.3643 1 '2-20002222' 1.0000
topTuneBoost_Hard2005_alpha8 8 362 0.0914 0.9000 0.8898 0.3275 0.1602 0 '2222202221' 1.0000
topTuneBoost_Hard2005_alpha8 8 363 0.0523 0.5000 0.5479 0.2367 0.1245 1 '20022202-0' 1.0000
topTuneBoost_Hard2005_alpha8 8 367 0.0763 0.4000 0.3693 0.4113 0.1213 0 '0202000220' 0.5000
topTuneBoost_Hard2005_alpha8 8 372 0.0283 0.0000 0.0000 0.2305 0.0525 8 '--------00' 0.0233
topTuneBoost_Hard2005_alpha8 8 374 0.4064 0.7000 0.6127 0.7007 0.6216 2 '222--11110' 1.0000
topTuneBoost_Hard2005_alpha8 8 375 0.0563 0.3000 0.3647 0.2110 0.1168 0 '1000010010' 1.0000
topTuneBoost_Hard2005_alpha8 8 378 0.0515 0.1000 0.2201 0.3098 0.0821 1 '100000-000' 1.0000
topTuneBoost_Hard2005_alpha8 8 383 0.0028 0.0000 0.0000 0.0721 0.0312 0 '0000000000' 0.0119
topTuneBoost_Hard2005_alpha8 8 389 0.0094 0.1000 0.0424 0.0956 0.0722 0 '0000000010' 0.1111
topTuneBoost_Hard2005_alpha8 8 393 0.0022 0.1000 0.0694 0.0329 0.0231 0 '0000000200' 0.1250
topTuneBoost_Hard2005_alpha8 8 394 0.1394 0.8000 0.8701 0.3124 0.1781 1 '11111111-0' 1.0000
topTuneBoost_Hard2005_alpha8 8 397 0.0360 0.0000 0.0000 0.3214 0.0342 2 '00000000--' 0.0127
topTuneBoost_Hard2005_alpha8 8 399 0.0713 0.5000 0.5201 0.3311 0.2705 2 '22100012--' 1.0000
topTuneBoost_Hard2005_alpha8 8 401 0.0474 0.3000 0.4690 0.2096 0.1036 5 '2220--0---' 1.0000
topTuneBoost_Hard2005_alpha8 8 404 0.0394 0.5000 0.3593 0.2085 0.1673 0 '1200100110' 1.0000
topTuneBoost_Hard2005_alpha8 8 408 0.0370 0.1000 0.0694 0.1782 0.1345 0 '0100000000' 0.5000
topTuneBoost_Hard2005_alpha8 8 409 0.0412 0.6000 0.5242 0.1638 0.1206 0 '2110020201' 1.0000
topTuneBoost_Hard2005_alpha8 8 416 0.3256 0.7000 0.3863 0.6041 0.3943 1 '100121111-' 1.0000
topTuneBoost_Hard2005_alpha8 8 419 0.0195 0.0000 0.0000 0.2374 0.0346 1 '000-000000' 0.0833
topTuneBoost_Hard2005_alpha8 8 426 0.0024 0.0000 0.0000 0.0731 0.0609 10 '----------' 0.0050
topTuneBoost_Hard2005_alpha8 8 427 0.0342 0.4000 0.3063 0.1390 0.0770 2 '0100222--0' 0.5000
topTuneBoost_Hard2005_alpha8 8 433 0.0426 0.3000 0.2583 0.1602 0.1029 3 '00-22200--' 0.2500
topTuneBoost_Hard2005_alpha8 8 435 0.1922 0.4000 0.1821 0.4630 0.3879 0 '0000111002' 0.2000
topTuneBoost_Hard2005_alpha8 8 436 0.0775 0.8000 0.5664 0.2650 0.2029 0 '2011101122' 1.0000
topTuneBoost_Hard2005_alpha8 8 439 0.0281 0.1000 0.0347 0.2423 0.1432 0 '0000000100' 0.1250
topTuneBoost_Hard2005_alpha8 8 443 0.0862 0.5000 0.5939 0.3647 0.2710 0 '2212200000' 1.0000
topTuneBoost_Hard2005_alpha8 8 448 0.0050 0.0000 0.0000 0.1132 0.0217 7 '0-0-0-----' 0.0303
topTuneBoost_Hard2005_alpha8 8 622 0.1296 0.6000 0.5037 0.2792 0.1941 0 '0202222010' 0.5000
topTuneBoost_Hard2005_alpha8 8 625 0.0111 0.1000 0.2201 0.1319 0.0157 0 '2000000000' 1.0000
topTuneBoost_Hard2005_alpha8 8 638 0.0059 0.1000 0.0347 0.0965 0.0915 4 '00000--1--' 0.1250
topTuneBoost_Hard2005_alpha8 8 639 0.0612 0.4000 0.2333 0.1963 0.1844 0 '1001011000' 1.0000
topTuneBoost_Hard2005_alpha8 8 648 0.2064 0.9000 0.6764 0.4388 0.3430 0 '1121222210' 1.0000
topTuneBoost_Hard2005_alpha8 8 650 0.0089 0.0000 0.0000 0.1412 0.0000 0 '0000000000' 0.0227
topTuneBoost_Hard2005_alpha8 8 651 0.0074 0.1000 0.0734 0.0973 0.0417 3 '0000--2-00' 0.1429
topTuneBoost_Hard2005_alpha8 8 658 0.1175 0.2000 0.1012 0.4929 0.2699 0 '0100000001' 0.5000
topTuneBoost_Hard2005_alpha8 8 689 0.0356 0.2000 0.1737 0.1937 0.1327 4 '002-00---2' 0.3333
topTuneBoost_Hard2005_alpha9 9 303 0.1865 0.4000 0.3195 0.5996 0.3766 0 '0002202020' 0.2500
topTuneBoost_Hard2005_alpha9 9 307 0.0347 0.4000 0.3976 0.1967 0.1862 0 '2100002100' 1.0000
topTuneBoost_Hard2005_alpha9 9 310 0.0005 0.0000 0.0000 0.0312 0.0144 0 '0000000000' 0.0061
topTuneBoost_Hard2005_alpha9 9 314 0.0006 0.0000 0.0000 0.0411 0.0002 0 '0000000000' 0.0055
topTuneBoost_Hard2005_alpha9 9 322 0.0005 0.0000 0.0000 0.0328 0.0000 3 '0---000000' 0.0030
topTuneBoost_Hard2005_alpha9 9 325 0.3526 0.0000 0.0000 0.6874 0.6765 8 '-00-------' 0.0833
topTuneBoost_Hard2005_alpha9 9 330 0.1286 0.3000 0.3279 0.4718 0.4472 1 '1001100-00' 1.0000
topTuneBoost_Hard2005_alpha9 9 336 0.1805 0.5000 0.3269 0.4288 0.2976 1 '1-01210100' 1.0000
topTuneBoost_Hard2005_alpha9 9 341 0.1222 0.1000 0.0501 0.3248 0.1695 0 '0000010000' 0.1667
topTuneBoost_Hard2005_alpha9 9 344 0.0435 0.4000 0.2285 0.2166 0.1550 4 '1---1110-0' 1.0000
topTuneBoost_Hard2005_alpha9 9 345 0.0000 0.0000 0.0000 0.0000 0.0000 1 '0000000-00' 0.0000
topTuneBoost_Hard2005_alpha9 9 347 0.1512 0.1000 0.0318 0.5118 0.3295 2 '000-000-01' 0.1000
topTuneBoost_Hard2005_alpha9 9 353 0.0643 0.2000 0.1600 0.2984 0.1247 0 '0010100000' 0.3333
topTuneBoost_Hard2005_alpha9 9 354 0.0780 0.2000 0.2051 0.3393 0.3518 6 '-20-----20' 0.5000
topTuneBoost_Hard2005_alpha9 9 362 0.0828 0.9000 0.8898 0.3161 0.1572 0 '2222202221' 1.0000
topTuneBoost_Hard2005_alpha9 9 363 0.0357 0.2000 0.3052 0.2078 0.1194 3 '200-2000--' 1.0000
topTuneBoost_Hard2005_alpha9 9 367 0.0749 0.4000 0.3693 0.4097 0.1214 0 '0202000220' 0.5000
topTuneBoost_Hard2005_alpha9 9 372 0.0236 0.0000 0.0000 0.2223 0.0506 8 '--------00' 0.0208
topTuneBoost_Hard2005_alpha9 9 374 0.3773 0.5000 0.5339 0.6885 0.6212 5 '222-----11' 1.0000
topTuneBoost_Hard2005_alpha9 9 375 0.0409 0.3000 0.2686 0.1709 0.1140 0 '0010101000' 0.3333
topTuneBoost_Hard2005_alpha9 9 378 0.0328 0.1000 0.2201 0.2455 0.0366 1 '100000-000' 1.0000
topTuneBoost_Hard2005_alpha9 9 383 0.0022 0.0000 0.0000 0.0555 0.0306 0 '0000000000' 0.0120
topTuneBoost_Hard2005_alpha9 9 389 0.0095 0.1000 0.0424 0.0915 0.0739 0 '0000000010' 0.1111
topTuneBoost_Hard2005_alpha9 9 393 0.0020 0.1000 0.0734 0.0264 0.0177 0 '0000002000' 0.1429
topTuneBoost_Hard2005_alpha9 9 394 0.1282 0.8000 0.8512 0.2882 0.1516 1 '1111-11110' 1.0000
topTuneBoost_Hard2005_alpha9 9 397 0.0328 0.0000 0.0000 0.3157 0.0293 2 '00000000--' 0.0080
topTuneBoost_Hard2005_alpha9 9 399 0.0685 0.5000 0.4836 0.3260 0.2705 2 '20210012--' 1.0000
topTuneBoost_Hard2005_alpha9 9 401 0.0440 0.3000 0.4690 0.1997 0.0989 5 '222--00---' 1.0000
topTuneBoost_Hard2005_alpha9 9 404 0.0308 0.5000 0.3593 0.1585 0.1224 0 '1200100110' 1.0000
topTuneBoost_Hard2005_alpha9 9 408 0.0334 0.1000 0.0694 0.1751 0.1339 0 '0100000000' 0.5000
topTuneBoost_Hard2005_alpha9 9 409 0.0402 0.6000 0.5242 0.1623 0.1203 0 '2110020201' 1.0000
topTuneBoost_Hard2005_alpha9 9 416 0.3103 0.7000 0.3863 0.5783 0.3926 1 '100121111-' 1.0000
topTuneBoost_Hard2005_alpha9 9 419 0.0128 0.0000 0.0000 0.2194 0.0208 1 '0-00000000' 0.0769
topTuneBoost_Hard2005_alpha9 9 426 0.0022 0.0000 0.0000 0.0716 0.0634 10 '----------' 0.0049
topTuneBoost_Hard2005_alpha9 9 427 0.0134 0.1000 0.0550 0.0950 0.0767 5 '0010---0--' 0.3333
topTuneBoost_Hard2005_alpha9 9 433 0.0216 0.2000 0.1299 0.1186 0.0988 5 '0-----0022' 0.1111
topTuneBoost_Hard2005_alpha9 9 435 0.1656 0.4000 0.1503 0.4385 0.3758 0 '0000111001' 0.2000
topTuneBoost_Hard2005_alpha9 9 436 0.0474 0.8000 0.5831 0.2109 0.1476 0 '2012110112' 1.0000
topTuneBoost_Hard2005_alpha9 9 439 0.0225 0.1000 0.0331 0.2321 0.1511 1 '000000-010' 0.1111
topTuneBoost_Hard2005_alpha9 9 443 0.0677 0.5000 0.5872 0.3198 0.2373 0 '2212020000' 1.0000
topTuneBoost_Hard2005_alpha9 9 448 0.0018 0.0000 0.0000 0.0506 0.0236 7 '0-------00' 0.0333
topTuneBoost_Hard2005_alpha9 9 622 0.1193 0.6000 0.4783 0.2626 0.1845 0 '0200222210' 0.5000
topTuneBoost_Hard2005_alpha9 9 625 0.0105 0.1000 0.2201 0.1164 0.0157 0 '2000000000' 1.0000
topTuneBoost_Hard2005_alpha9 9 638 0.0027 0.0000 0.0000 0.0779 0.0857 5 '00000-----' 0.0625
topTuneBoost_Hard2005_alpha9 9 639 0.0408 0.4000 0.2409 0.1744 0.1733 0 '1010011000' 1.0000
topTuneBoost_Hard2005_alpha9 9 648 0.1742 0.9000 0.6764 0.3857 0.2686 0 '1121222210' 1.0000
topTuneBoost_Hard2005_alpha9 9 650 0.0062 0.0000 0.0000 0.1097 0.0000 0 '0000000000' 0.0154
topTuneBoost_Hard2005_alpha9 9 651 0.0057 0.0000 0.0000 0.0901 0.0524 3 '0000---000' 0.0833
topTuneBoost_Hard2005_alpha9 9 658 0.1107 0.2000 0.0868 0.4827 0.2708 0 '0010000001' 0.3333
topTuneBoost_Hard2005_alpha9 9 689 0.0356 0.2000 0.1737 0.1939 0.1327 4 '002-00---2' 0.3333
