schema  QueryNum map p10 ndcg10 ndcg1000 bpref unjudged relString rr
topBm25f_unifield_Hard2003 102 0.7247 1.0000 1.0000 0.9089 0.8587 0 '2222222222' 1.0000
topBm25f_unifield_Hard2003 105 0.2855 0.6000 0.5259 0.6513 0.2844 0 '0222102020' 0.5000
topBm25f_unifield_Hard2003 115 0.0000 0.0000 0.0000 0.0000 0.0000 0 '0000000000' 0.0000
topBm25f_unifield_Hard2003 116 0.4438 1.0000 0.7351 0.7670 0.6839 0 '1221122211' 1.0000
topBm25f_unifield_Hard2003 117 0.0005 0.0000 0.0000 0.0346 0.0000 0 '0000000000' 0.0084
topBm25f_unifield_Hard2003 124 0.5090 0.4000 0.5353 0.8118 0.3700 0 '2220000020' 1.0000
topBm25f_unifield_Hard2003 146 0.1646 0.6000 0.5654 0.4688 0.3038 0 '1220002202' 1.0000
topBm25f_unifield_Hard2003 147 0.3825 0.9000 0.8900 0.6376 0.5460 0 '2202222222' 1.0000
topBm25f_unifield_Hard2003 154 0.0394 0.0000 0.0000 0.2447 0.0000 0 '0000000000' 0.0286
topBm25f_unifield_Hard2003 155 0.0689 0.2000 0.1834 0.4218 0.0822 0 '0010001000' 0.3333
topBm25f_unifield_Hard2003 157 0.0755 0.5000 0.2947 0.1228 0.1569 0 '1101000110' 1.0000
topBm25f_unifield_Hard2003 171 0.2262 0.5000 0.4878 0.6420 0.3761 0 '2020121000' 1.0000
topBm25f_unifield_Hard2003 176 0.0017 0.0000 0.0000 0.0687 0.0000 0 '0000000000' 0.0074
topBm25f_unifield_Hard2003 177 0.0045 0.0000 0.0000 0.0959 0.0000 0 '0000000000' 0.0110
topBm25f_unifield_Hard2003 180 0.3232 0.6000 0.6461 0.7329 0.3501 0 '2022022200' 1.0000
topBm25f_unifield_Hard2003 182 0.1301 0.3000 0.3597 0.5145 0.1400 0 '2000002020' 1.0000
topBm25f_unifield_Hard2003 186 0.0015 0.0000 0.0000 0.0776 0.0000 0 '0000000000' 0.0110
topBm25f_unifield_Hard2003 187 0.0409 0.1000 0.0663 0.2503 0.1523 0 '0000000020' 0.1111
topBm25f_unifield_Hard2003 190 0.0827 0.0000 0.0000 0.3835 0.0792 0 '0000000000' 0.0833
topBm25f_unifield_Hard2003 194 0.2925 0.7000 0.5682 0.6017 0.3434 0 '0220022221' 0.5000
topBm25f_unifield_Hard2003 196 0.5423 0.9000 0.9306 0.8275 0.6730 0 '2222222022' 1.0000
topBm25f_unifield_Hard2003 198 0.1269 0.3000 0.1373 0.4625 0.2287 0 '0100000110' 0.5000
topBm25f_unifield_Hard2003 203 0.3381 0.7000 0.5562 0.6674 0.3005 0 '2101120102' 1.0000
topBm25f_unifield_Hard2003 215 0.6244 0.2000 0.1299 0.8127 0.7600 0 '0000000022' 0.1111
topBm25f_unifield_Hard2003 217 0.0590 0.0000 0.0000 0.3636 0.0000 0 '0000000000' 0.0238
topBm25f_unifield_Hard2003 220 0.0122 0.0000 0.0000 0.2040 0.0000 0 '0000000000' 0.0073
topBm25f_unifield_Hard2003 222 0.3285 0.8000 0.4467 0.5478 0.5262 0 '0210111211' 0.5000
topBm25f_unifield_Hard2003 223 0.4596 1.0000 0.5841 0.6450 0.6100 0 '1112112111' 1.0000
topBm25f_unifield_Hard2003 226 0.0910 0.1000 0.0550 0.4758 0.0256 0 '0010000000' 0.3333
topBm25f_unifield_Hard2003 228 0.0000 0.0000 0.0000 0.0000 0.0000 0 '0000000000' 0.0000
topBm25f_unifield_Hard2003 229 0.1273 1.0000 1.0000 0.2502 0.1273 0 '2222222222' 1.0000
topBm25f_unifield_Hard2003 231 0.0836 0.3000 0.4537 0.2990 0.0804 0 '1101000000' 1.0000
topBm25f_unifield_Hard2003 233 0.1873 0.2000 0.2051 0.5604 0.2854 0 '0200000020' 0.5000
topBm25f_unifield_Hard2003 234 0.4252 0.8000 0.8701 0.7555 0.4385 0 '2222222200' 1.0000
topBm25f_unifield_Hard2003 235 0.0104 0.0000 0.0000 0.1695 0.0139 0 '0000000000' 0.0526
topBm25f_unifield_Hard2003 237 0.7001 0.9000 0.6163 0.8187 0.7970 0 '0112212222' 0.5000
topBm25f_unifield_Hard2003 33 0.3963 1.0000 1.0000 0.6482 0.5759 0 '2222222222' 1.0000
topBm25f_unifield_Hard2003 36 0.6231 0.9000 0.9306 0.8335 0.6213 0 '2222222022' 1.0000
topBm25f_unifield_Hard2003 44 0.7065 0.8000 0.8512 0.9268 0.6328 0 '2222022220' 1.0000
topBm25f_unifield_Hard2003 48 0.5209 1.0000 0.9653 0.7363 0.7165 0 '2222222122' 1.0000
topBm25f_unifield_Hard2003 51 0.4626 1.0000 1.0000 0.6551 0.5588 0 '2222222222' 1.0000
topBm25f_unifield_Hard2003 53 0.3718 0.5000 0.4272 0.7297 0.4504 0 '0200202022' 0.5000
topBm25f_unifield_Hard2003 59 0.8135 0.6000 0.9280 0.9280 0.8056 0 '2202022200' 1.0000
topBm25f_unifield_Hard2003 65 0.5882 1.0000 1.0000 0.7510 0.6607 0 '2222222222' 1.0000
topBm25f_unifield_Hard2003 69 0.0848 0.6000 0.3526 0.2249 0.2063 0 '1011010120' 1.0000
topBm25f_unifield_Hard2003 70 0.3376 0.6000 0.3986 0.6600 0.3608 0 '1020110012' 1.0000
topBm25f_unifield_Hard2003 77 0.0466 0.4000 0.3469 0.2724 0.1233 0 '0022020002' 0.3333
topBm25f_unifield_Hard2003 84 0.0425 0.0000 0.0000 0.3469 0.0107 0 '0000000000' 0.0357
topBm25f_unifield_Hard2003 87 0.7233 0.7000 0.7910 0.9091 0.7093 0 '2222220002' 1.0000
topBm25f_unifield_Hard2003 99 0.1924 0.6000 0.5483 0.5001 0.4045 0 '2210000211' 1.0000
