schema alpha  QueryNum map p10 ndcg10 ndcg1000 bpref unjudged relString rr
topBm25fTuneBoost_Hard2003_alpha0 0 102 0.7206 1.0000 1.0000 0.9077 0.8577 0 '2222222222' 1.0000
topBm25fTuneBoost_Hard2003_alpha0 0 105 0.2895 0.6000 0.5259 0.6537 0.2864 0 '0222102020' 0.5000
topBm25fTuneBoost_Hard2003_alpha0 0 115 0.0000 0.0000 0.0000 0.0000 0.0000 0 '0000000000' 0.0000
topBm25fTuneBoost_Hard2003_alpha0 0 116 0.4344 1.0000 0.7721 0.7631 0.6726 0 '2121121221' 1.0000
topBm25fTuneBoost_Hard2003_alpha0 0 117 0.0005 0.0000 0.0000 0.0346 0.0000 0 '0000000000' 0.0087
topBm25fTuneBoost_Hard2003_alpha0 0 124 0.4377 0.4000 0.5104 0.7708 0.3600 0 '2200200020' 1.0000
topBm25fTuneBoost_Hard2003_alpha0 0 146 0.1635 0.7000 0.6367 0.4748 0.3037 0 '1220020222' 1.0000
topBm25fTuneBoost_Hard2003_alpha0 0 147 0.3728 0.9000 0.9052 0.6306 0.5378 0 '2220222222' 1.0000
topBm25fTuneBoost_Hard2003_alpha0 0 154 0.0394 0.0000 0.0000 0.2447 0.0000 0 '0000000000' 0.0286
topBm25fTuneBoost_Hard2003_alpha0 0 155 0.0700 0.2000 0.1884 0.4238 0.0811 0 '0010010000' 0.3333
topBm25fTuneBoost_Hard2003_alpha0 0 157 0.0760 0.5000 0.2934 0.1229 0.1572 0 '1101000101' 1.0000
topBm25fTuneBoost_Hard2003_alpha0 0 171 0.2163 0.5000 0.4714 0.6261 0.3725 0 '2002201100' 1.0000
topBm25fTuneBoost_Hard2003_alpha0 0 176 0.0019 0.0000 0.0000 0.0729 0.0000 0 '0000000000' 0.0079
topBm25fTuneBoost_Hard2003_alpha0 0 177 0.0047 0.0000 0.0000 0.1031 0.0000 0 '0000000000' 0.0090
topBm25fTuneBoost_Hard2003_alpha0 0 180 0.3105 0.5000 0.6325 0.7219 0.3356 0 '2220220000' 1.0000
topBm25fTuneBoost_Hard2003_alpha0 0 182 0.1043 0.2000 0.2173 0.4468 0.1256 0 '0200020000' 0.5000
topBm25fTuneBoost_Hard2003_alpha0 0 186 0.0015 0.0000 0.0000 0.0774 0.0000 0 '0000000000' 0.0105
topBm25fTuneBoost_Hard2003_alpha0 0 187 0.0408 0.0000 0.0000 0.2516 0.1551 0 '0000000000' 0.0909
topBm25fTuneBoost_Hard2003_alpha0 0 190 0.0808 0.1000 0.0636 0.3818 0.0680 0 '0000000002' 0.1000
topBm25fTuneBoost_Hard2003_alpha0 0 194 0.2838 0.7000 0.5668 0.5835 0.3374 0 '0220022212' 0.5000
topBm25fTuneBoost_Hard2003_alpha0 0 196 0.5011 0.9000 0.9266 0.7936 0.6392 0 '2222220222' 1.0000
topBm25fTuneBoost_Hard2003_alpha0 0 198 0.1179 0.3000 0.1408 0.4396 0.2294 0 '0100001100' 0.5000
topBm25fTuneBoost_Hard2003_alpha0 0 203 0.3490 0.7000 0.4912 0.6455 0.2945 0 '1211002101' 1.0000
topBm25fTuneBoost_Hard2003_alpha0 0 215 0.5908 0.2000 0.1357 0.8074 0.7115 0 '0000000220' 0.1250
topBm25fTuneBoost_Hard2003_alpha0 0 217 0.0591 0.0000 0.0000 0.3632 0.0000 0 '0000000000' 0.0227
topBm25fTuneBoost_Hard2003_alpha0 0 220 0.0123 0.0000 0.0000 0.2041 0.0000 0 '0000000000' 0.0070
topBm25fTuneBoost_Hard2003_alpha0 0 222 0.3279 0.8000 0.5897 0.5596 0.5338 0 '2001121122' 1.0000
topBm25fTuneBoost_Hard2003_alpha0 0 223 0.4468 1.0000 0.5793 0.6393 0.6054 0 '1111212111' 1.0000
topBm25fTuneBoost_Hard2003_alpha0 0 226 0.0923 0.1000 0.0550 0.4773 0.0305 0 '0010000000' 0.3333
topBm25fTuneBoost_Hard2003_alpha0 0 228 0.0000 0.0000 0.0000 0.0000 0.0000 0 '0000000000' 0.0000
topBm25fTuneBoost_Hard2003_alpha0 0 229 0.1273 1.0000 1.0000 0.2502 0.1273 0 '2222222222' 1.0000
topBm25fTuneBoost_Hard2003_alpha0 0 231 0.0914 0.3000 0.4690 0.3077 0.0811 0 '1110000000' 1.0000
topBm25fTuneBoost_Hard2003_alpha0 0 233 0.1871 0.3000 0.2785 0.5605 0.2868 0 '0200002020' 0.5000
topBm25fTuneBoost_Hard2003_alpha0 0 234 0.4215 0.8000 0.8701 0.7509 0.4414 0 '2222222200' 1.0000
topBm25fTuneBoost_Hard2003_alpha0 0 235 0.0101 0.0000 0.0000 0.1690 0.0152 0 '0000000000' 0.0588
topBm25fTuneBoost_Hard2003_alpha0 0 237 0.6796 0.8000 0.5603 0.8060 0.7835 0 '0121212220' 0.5000
topBm25fTuneBoost_Hard2003_alpha0 0 33 0.3995 1.0000 1.0000 0.6523 0.5795 0 '2222222222' 1.0000
topBm25fTuneBoost_Hard2003_alpha0 0 36 0.6198 0.9000 0.9266 0.8227 0.6131 0 '2222220222' 1.0000
topBm25fTuneBoost_Hard2003_alpha0 0 44 0.7020 0.8000 0.8454 0.9246 0.6289 0 '2222022022' 1.0000
topBm25fTuneBoost_Hard2003_alpha0 0 48 0.5116 1.0000 0.9633 0.7319 0.7101 0 '2222221222' 1.0000
topBm25fTuneBoost_Hard2003_alpha0 0 51 0.4587 1.0000 1.0000 0.6537 0.5587 0 '2222222222' 1.0000
topBm25fTuneBoost_Hard2003_alpha0 0 53 0.3425 0.3000 0.2180 0.6927 0.4342 0 '0000022020' 0.1667
topBm25fTuneBoost_Hard2003_alpha0 0 59 0.8135 0.6000 0.9280 0.9280 0.8056 0 '2202022200' 1.0000
topBm25fTuneBoost_Hard2003_alpha0 0 65 0.5872 1.0000 1.0000 0.7507 0.6604 0 '2222222222' 1.0000
topBm25fTuneBoost_Hard2003_alpha0 0 69 0.0837 0.6000 0.3886 0.2251 0.2017 0 '1110120010' 1.0000
topBm25fTuneBoost_Hard2003_alpha0 0 70 0.3206 0.6000 0.3587 0.6431 0.3535 0 '1001001122' 1.0000
topBm25fTuneBoost_Hard2003_alpha0 0 77 0.0401 0.4000 0.3469 0.2508 0.1126 0 '0022020002' 0.3333
topBm25fTuneBoost_Hard2003_alpha0 0 84 0.0504 0.0000 0.0000 0.3621 0.0118 0 '0000000000' 0.0357
topBm25fTuneBoost_Hard2003_alpha0 0 87 0.7243 0.7000 0.7910 0.9093 0.7128 0 '2222220002' 1.0000
topBm25fTuneBoost_Hard2003_alpha0 0 99 0.1908 0.6000 0.5456 0.5018 0.4079 0 '2201001210' 1.0000
topBm25fTuneBoost_Hard2003_alpha1 1 102 0.7246 1.0000 1.0000 0.9086 0.8585 0 '2222222222' 1.0000
topBm25fTuneBoost_Hard2003_alpha1 1 105 0.2847 0.6000 0.5259 0.6502 0.2889 0 '0222102020' 0.5000
topBm25fTuneBoost_Hard2003_alpha1 1 115 0.0000 0.0000 0.0000 0.0000 0.0000 0 '0000000000' 0.0000
topBm25fTuneBoost_Hard2003_alpha1 1 116 0.4468 1.0000 0.7620 0.7692 0.6844 0 '2112112221' 1.0000
topBm25fTuneBoost_Hard2003_alpha1 1 117 0.0005 0.0000 0.0000 0.0344 0.0000 0 '0000000000' 0.0084
topBm25fTuneBoost_Hard2003_alpha1 1 124 0.4542 0.4000 0.5200 0.7809 0.3800 0 '2202000020' 1.0000
topBm25fTuneBoost_Hard2003_alpha1 1 146 0.1681 0.7000 0.6367 0.4831 0.3089 0 '1220020222' 1.0000
topBm25fTuneBoost_Hard2003_alpha1 1 147 0.3802 0.9000 0.9052 0.6455 0.5525 0 '2220222222' 1.0000
topBm25fTuneBoost_Hard2003_alpha1 1 154 0.0394 0.0000 0.0000 0.2447 0.0000 0 '0000000000' 0.0286
topBm25fTuneBoost_Hard2003_alpha1 1 155 0.0691 0.2000 0.1884 0.4227 0.0811 0 '0010010000' 0.3333
topBm25fTuneBoost_Hard2003_alpha1 1 157 0.0790 0.5000 0.2967 0.1229 0.1534 0 '1101001010' 1.0000
topBm25fTuneBoost_Hard2003_alpha1 1 171 0.2261 0.5000 0.4714 0.6309 0.3867 0 '2002201100' 1.0000
topBm25fTuneBoost_Hard2003_alpha1 1 176 0.0020 0.0000 0.0000 0.0730 0.0000 0 '0000000000' 0.0081
topBm25fTuneBoost_Hard2003_alpha1 1 177 0.0049 0.0000 0.0000 0.1039 0.0000 0 '0000000000' 0.0095
topBm25fTuneBoost_Hard2003_alpha1 1 180 0.3133 0.5000 0.6325 0.7227 0.3395 0 '2220220000' 1.0000
topBm25fTuneBoost_Hard2003_alpha1 1 182 0.1064 0.2000 0.2173 0.4487 0.1269 0 '0200020000' 0.5000
topBm25fTuneBoost_Hard2003_alpha1 1 186 0.0015 0.0000 0.0000 0.0778 0.0000 0 '0000000000' 0.0111
topBm25fTuneBoost_Hard2003_alpha1 1 187 0.0408 0.1000 0.0636 0.2485 0.1537 0 '0000000002' 0.1000
topBm25fTuneBoost_Hard2003_alpha1 1 190 0.0817 0.1000 0.0636 0.3901 0.0684 0 '0000000002' 0.1000
topBm25fTuneBoost_Hard2003_alpha1 1 194 0.2861 0.7000 0.5682 0.5892 0.3430 0 '0220022221' 0.5000
topBm25fTuneBoost_Hard2003_alpha1 1 196 0.5112 0.9000 0.9266 0.7921 0.6405 0 '2222220222' 1.0000
topBm25fTuneBoost_Hard2003_alpha1 1 198 0.1191 0.3000 0.1408 0.4411 0.2281 0 '0100001100' 0.5000
topBm25fTuneBoost_Hard2003_alpha1 1 203 0.3488 0.7000 0.4912 0.6455 0.2945 0 '1211002101' 1.0000
topBm25fTuneBoost_Hard2003_alpha1 1 215 0.6106 0.3000 0.2090 0.8175 0.7286 0 '0000002220' 0.1429
topBm25fTuneBoost_Hard2003_alpha1 1 217 0.0596 0.0000 0.0000 0.3640 0.0000 0 '0000000000' 0.0233
topBm25fTuneBoost_Hard2003_alpha1 1 220 0.0119 0.0000 0.0000 0.1983 0.0000 0 '0000000000' 0.0070
topBm25fTuneBoost_Hard2003_alpha1 1 222 0.3298 0.8000 0.6003 0.5564 0.5284 0 '2010121221' 1.0000
topBm25fTuneBoost_Hard2003_alpha1 1 223 0.4451 1.0000 0.5841 0.6341 0.5973 0 '1112112111' 1.0000
topBm25fTuneBoost_Hard2003_alpha1 1 226 0.1001 0.1000 0.0550 0.4868 0.0503 0 '0010000000' 0.3333
topBm25fTuneBoost_Hard2003_alpha1 1 228 0.0000 0.0000 0.0000 0.0000 0.0000 0 '0000000000' 0.0000
topBm25fTuneBoost_Hard2003_alpha1 1 229 0.1273 1.0000 1.0000 0.2502 0.1273 0 '2222222222' 1.0000
topBm25fTuneBoost_Hard2003_alpha1 1 231 0.0918 0.3000 0.4690 0.3084 0.0811 0 '1110000000' 1.0000
topBm25fTuneBoost_Hard2003_alpha1 1 233 0.1867 0.3000 0.2758 0.5599 0.2861 0 '0200002002' 0.5000
topBm25fTuneBoost_Hard2003_alpha1 1 234 0.4092 0.8000 0.8701 0.7361 0.4330 0 '2222222200' 1.0000
topBm25fTuneBoost_Hard2003_alpha1 1 235 0.0101 0.0000 0.0000 0.1689 0.0145 0 '0000000000' 0.0556
topBm25fTuneBoost_Hard2003_alpha1 1 237 0.6827 0.8000 0.5526 0.8054 0.7848 0 '0112212220' 0.5000
topBm25fTuneBoost_Hard2003_alpha1 1 33 0.4027 1.0000 1.0000 0.6533 0.5796 0 '2222222222' 1.0000
topBm25fTuneBoost_Hard2003_alpha1 1 36 0.6188 0.9000 0.9266 0.8224 0.6094 0 '2222220222' 1.0000
topBm25fTuneBoost_Hard2003_alpha1 1 44 0.7002 0.8000 0.8454 0.9241 0.6328 0 '2222022022' 1.0000
topBm25fTuneBoost_Hard2003_alpha1 1 48 0.5181 1.0000 0.9633 0.7356 0.7105 0 '2222221222' 1.0000
topBm25fTuneBoost_Hard2003_alpha1 1 51 0.4621 1.0000 1.0000 0.6546 0.5598 0 '2222222222' 1.0000
topBm25fTuneBoost_Hard2003_alpha1 1 53 0.3459 0.4000 0.2816 0.6948 0.4365 0 '0000022022' 0.1667
topBm25fTuneBoost_Hard2003_alpha1 1 59 0.8135 0.6000 0.9280 0.9280 0.8056 0 '2202022200' 1.0000
topBm25fTuneBoost_Hard2003_alpha1 1 65 0.5707 1.0000 1.0000 0.7386 0.6483 0 '2222222222' 1.0000
topBm25fTuneBoost_Hard2003_alpha1 1 69 0.0840 0.6000 0.3886 0.2252 0.2017 0 '1110120010' 1.0000
topBm25fTuneBoost_Hard2003_alpha1 1 70 0.3251 0.6000 0.3587 0.6444 0.3557 0 '1001001122' 1.0000
topBm25fTuneBoost_Hard2003_alpha1 1 77 0.0385 0.4000 0.3469 0.2516 0.1111 0 '0022020002' 0.3333
topBm25fTuneBoost_Hard2003_alpha1 1 84 0.0499 0.0000 0.0000 0.3623 0.0119 0 '0000000000' 0.0400
topBm25fTuneBoost_Hard2003_alpha1 1 87 0.7098 0.7000 0.7910 0.9042 0.7024 0 '2222220002' 1.0000
topBm25fTuneBoost_Hard2003_alpha1 1 99 0.1957 0.6000 0.5526 0.5062 0.4103 0 '2201020110' 1.0000
topBm25fTuneBoost_Hard2003_alpha10 10 102 0.1874 1.0000 0.9322 0.5400 0.5619 0 '2222222112' 1.0000
topBm25fTuneBoost_Hard2003_alpha10 10 105 0.0056 0.0000 0.0000 0.0801 0.0158 0 '0000000000' 0.0667
topBm25fTuneBoost_Hard2003_alpha10 10 115 0.0000 0.0000 0.0000 0.0000 0.0000 10 '----------' 0.0000
topBm25fTuneBoost_Hard2003_alpha10 10 116 0.1168 0.5000 0.4502 0.2955 0.2288 5 '-222--2-1-' 0.5000
topBm25fTuneBoost_Hard2003_alpha10 10 117 0.0000 0.0000 0.0000 0.0000 0.0000 4 '0-00--00-0' 0.0000
topBm25fTuneBoost_Hard2003_alpha10 10 124 0.0212 0.0000 0.0000 0.1617 0.0000 1 '000-000000' 0.0476
topBm25fTuneBoost_Hard2003_alpha10 10 146 0.0066 0.0000 0.0000 0.0911 0.0944 6 '---0--00-0' 0.0667
topBm25fTuneBoost_Hard2003_alpha10 10 147 0.0760 0.8000 0.8116 0.2090 0.1451 2 '22-22-2222' 1.0000
topBm25fTuneBoost_Hard2003_alpha10 10 154 0.0042 0.0000 0.0000 0.0536 0.0000 1 '000000000-' 0.0294
topBm25fTuneBoost_Hard2003_alpha10 10 155 0.0000 0.0000 0.0000 0.0000 0.0000 3 '0000-00--0' 0.0000
topBm25fTuneBoost_Hard2003_alpha10 10 157 0.0085 0.2000 0.1419 0.0399 0.0522 7 '1--0-----1' 1.0000
topBm25fTuneBoost_Hard2003_alpha10 10 171 0.0879 0.2000 0.3590 0.4239 0.4393 7 '22----0---' 1.0000
topBm25fTuneBoost_Hard2003_alpha10 10 176 0.0004 0.0000 0.0000 0.0274 0.0342 8 '00--------' 0.0104
topBm25fTuneBoost_Hard2003_alpha10 10 177 0.0000 0.0000 0.0000 0.0000 0.0000 2 '00000000--' 0.0000
topBm25fTuneBoost_Hard2003_alpha10 10 180 0.1439 0.1000 0.2201 0.5208 0.5113 6 '2000------' 1.0000
topBm25fTuneBoost_Hard2003_alpha10 10 182 0.0015 0.0000 0.0000 0.0838 0.0026 7 '000-------' 0.0021
topBm25fTuneBoost_Hard2003_alpha10 10 186 0.0029 0.0000 0.0000 0.1180 0.0000 8 '00--------' 0.0018
topBm25fTuneBoost_Hard2003_alpha10 10 187 0.0028 0.0000 0.0000 0.0423 0.0519 9 '---0------' 0.0588
topBm25fTuneBoost_Hard2003_alpha10 10 190 0.0547 0.1000 0.0948 0.1794 0.1452 0 '0002000000' 0.2500
topBm25fTuneBoost_Hard2003_alpha10 10 194 0.0872 0.6000 0.6840 0.2483 0.1443 1 '222020-022' 1.0000
topBm25fTuneBoost_Hard2003_alpha10 10 196 0.2656 1.0000 1.0000 0.4188 0.2978 0 '2222222222' 1.0000
topBm25fTuneBoost_Hard2003_alpha10 10 198 0.0285 0.2000 0.1763 0.1361 0.0777 3 '100--0-020' 1.0000
topBm25fTuneBoost_Hard2003_alpha10 10 203 0.1371 0.5000 0.3185 0.3096 0.2025 0 '1001211000' 1.0000
topBm25fTuneBoost_Hard2003_alpha10 10 215 0.5448 0.6000 0.6386 0.7563 0.7490 4 '22-2-22-1-' 1.0000
topBm25fTuneBoost_Hard2003_alpha10 10 217 0.0170 0.0000 0.0000 0.2792 0.0800 7 '00------0-' 0.0303
topBm25fTuneBoost_Hard2003_alpha10 10 220 0.0023 0.1000 0.0694 0.0522 0.0445 4 '00----0200' 0.1250
topBm25fTuneBoost_Hard2003_alpha10 10 222 0.0601 0.4000 0.5164 0.2630 0.2506 5 '2221-0----' 1.0000
topBm25fTuneBoost_Hard2003_alpha10 10 223 0.0515 0.5000 0.5533 0.1975 0.1638 3 '2200122---' 1.0000
topBm25fTuneBoost_Hard2003_alpha10 10 226 0.0018 0.0000 0.0000 0.0454 0.0385 7 '--0--00---' 0.0526
topBm25fTuneBoost_Hard2003_alpha10 10 228 0.0000 0.0000 0.0000 0.0000 0.0000 10 '----------' 0.0000
topBm25fTuneBoost_Hard2003_alpha10 10 229 0.0000 0.0000 0.0000 0.0000 0.0000 9 '------0---' 0.0000
topBm25fTuneBoost_Hard2003_alpha10 10 231 0.0076 0.0000 0.0000 0.1675 0.0000 1 '-000000000' 0.0049
topBm25fTuneBoost_Hard2003_alpha10 10 233 0.0732 0.4000 0.5638 0.3465 0.2090 4 '2222--00--' 1.0000
topBm25fTuneBoost_Hard2003_alpha10 10 234 0.0451 0.5000 0.6489 0.1669 0.0491 4 '22222---0-' 1.0000
topBm25fTuneBoost_Hard2003_alpha10 10 235 0.0271 0.1000 0.2201 0.1107 0.0478 6 '2--0---00-' 1.0000
topBm25fTuneBoost_Hard2003_alpha10 10 237 0.3107 1.0000 0.7388 0.4895 0.3898 0 '1122112222' 1.0000
topBm25fTuneBoost_Hard2003_alpha10 10 33 0.0585 0.8000 0.8701 0.2387 0.1991 1 '222222220-' 1.0000
topBm25fTuneBoost_Hard2003_alpha10 10 36 0.1459 0.7000 0.7124 0.3693 0.2338 1 '202202222-' 1.0000
topBm25fTuneBoost_Hard2003_alpha10 10 44 0.3000 0.4000 0.5101 0.6528 0.3633 0 '2022200000' 1.0000
topBm25fTuneBoost_Hard2003_alpha10 10 48 0.1922 0.5000 0.6372 0.4972 0.5211 5 '2222--2---' 1.0000
topBm25fTuneBoost_Hard2003_alpha10 10 51 0.1794 0.6000 0.4983 0.3555 0.3012 3 '--2222-022' 0.3333
topBm25fTuneBoost_Hard2003_alpha10 10 53 0.1652 0.4000 0.2419 0.4273 0.3740 2 '-00010-222' 0.2000
topBm25fTuneBoost_Hard2003_alpha10 10 59 0.0000 0.0000 0.0000 0.0000 0.0000 2 '00-000000-' 0.0000
topBm25fTuneBoost_Hard2003_alpha10 10 65 0.0502 0.6000 0.7273 0.1937 0.1373 4 '222222----' 1.0000
topBm25fTuneBoost_Hard2003_alpha10 10 69 0.0292 0.5000 0.3344 0.1103 0.0966 2 '1100201-1-' 1.0000
topBm25fTuneBoost_Hard2003_alpha10 10 70 0.1552 0.7000 0.6171 0.3501 0.2587 1 '22002-2111' 1.0000
topBm25fTuneBoost_Hard2003_alpha10 10 77 0.0259 0.4000 0.5638 0.1205 0.0421 0 '2222000000' 1.0000
topBm25fTuneBoost_Hard2003_alpha10 10 84 0.0036 0.0000 0.0000 0.0584 0.0220 2 '000-0000-0' 0.0122
topBm25fTuneBoost_Hard2003_alpha10 10 87 0.0094 0.0000 0.0000 0.1427 0.0450 6 '0--0-00---' 0.0833
topBm25fTuneBoost_Hard2003_alpha10 10 99 0.0332 0.1000 0.0851 0.2062 0.1853 8 '----2---0-' 0.2000
topBm25fTuneBoost_Hard2003_alpha2 2 102 0.7308 1.0000 1.0000 0.9111 0.8624 0 '2222222222' 1.0000
topBm25fTuneBoost_Hard2003_alpha2 2 105 0.2684 0.6000 0.5283 0.6421 0.2691 0 '0222120002' 0.5000
topBm25fTuneBoost_Hard2003_alpha2 2 115 0.0000 0.0000 0.0000 0.0000 0.0000 1 '000000000-' 0.0000
topBm25fTuneBoost_Hard2003_alpha2 2 116 0.4626 1.0000 0.7620 0.7793 0.6994 0 '2112112221' 1.0000
topBm25fTuneBoost_Hard2003_alpha2 2 117 0.0005 0.0000 0.0000 0.0339 0.0000 0 '0000000000' 0.0079
topBm25fTuneBoost_Hard2003_alpha2 2 124 0.4541 0.4000 0.5200 0.7801 0.3900 0 '2202000020' 1.0000
topBm25fTuneBoost_Hard2003_alpha2 2 146 0.1705 0.7000 0.6367 0.4845 0.3112 0 '1220020222' 1.0000
topBm25fTuneBoost_Hard2003_alpha2 2 147 0.3859 0.9000 0.9052 0.6526 0.5594 0 '2220222222' 1.0000
topBm25fTuneBoost_Hard2003_alpha2 2 154 0.0394 0.0000 0.0000 0.2447 0.0000 0 '0000000000' 0.0286
topBm25fTuneBoost_Hard2003_alpha2 2 155 0.0673 0.2000 0.1884 0.4125 0.0806 0 '0010010000' 0.3333
topBm25fTuneBoost_Hard2003_alpha2 2 157 0.0821 0.6000 0.3379 0.1247 0.1532 0 '1101101001' 1.0000
topBm25fTuneBoost_Hard2003_alpha2 2 171 0.2390 0.5000 0.4759 0.6422 0.3984 0 '2002211000' 1.0000
topBm25fTuneBoost_Hard2003_alpha2 2 176 0.0020 0.0000 0.0000 0.0732 0.0000 0 '0000000000' 0.0085
topBm25fTuneBoost_Hard2003_alpha2 2 177 0.0052 0.0000 0.0000 0.1052 0.0000 0 '0000000000' 0.0120
topBm25fTuneBoost_Hard2003_alpha2 2 180 0.3193 0.6000 0.6962 0.7259 0.3455 0 '2220220002' 1.0000
topBm25fTuneBoost_Hard2003_alpha2 2 182 0.1072 0.2000 0.2173 0.4493 0.1256 0 '0200020000' 0.5000
topBm25fTuneBoost_Hard2003_alpha2 2 186 0.0022 0.0000 0.0000 0.1198 0.0000 0 '0000000000' 0.0119
topBm25fTuneBoost_Hard2003_alpha2 2 187 0.0405 0.1000 0.0636 0.2479 0.1526 0 '0000000002' 0.1000
topBm25fTuneBoost_Hard2003_alpha2 2 190 0.0819 0.1000 0.0636 0.3906 0.0696 0 '0000000002' 0.1000
topBm25fTuneBoost_Hard2003_alpha2 2 194 0.2856 0.7000 0.5682 0.5889 0.3465 0 '0220022221' 0.5000
topBm25fTuneBoost_Hard2003_alpha2 2 196 0.5173 0.9000 0.9266 0.7851 0.6381 0 '2222220222' 1.0000
topBm25fTuneBoost_Hard2003_alpha2 2 198 0.1233 0.3000 0.1373 0.4611 0.2301 0 '0100000110' 0.5000
topBm25fTuneBoost_Hard2003_alpha2 2 203 0.3495 0.7000 0.4912 0.6464 0.2959 0 '1211002101' 1.0000
topBm25fTuneBoost_Hard2003_alpha2 2 215 0.6293 0.3000 0.2090 0.8239 0.7450 0 '0000002220' 0.1429
topBm25fTuneBoost_Hard2003_alpha2 2 217 0.0599 0.0000 0.0000 0.3644 0.0000 0 '0000000000' 0.0238
topBm25fTuneBoost_Hard2003_alpha2 2 220 0.0122 0.0000 0.0000 0.2042 0.0000 0 '0000000000' 0.0073
topBm25fTuneBoost_Hard2003_alpha2 2 222 0.3336 0.8000 0.5977 0.5582 0.5277 0 '2010112221' 1.0000
topBm25fTuneBoost_Hard2003_alpha2 2 223 0.4463 1.0000 0.5841 0.6324 0.5958 0 '1112112111' 1.0000
topBm25fTuneBoost_Hard2003_alpha2 2 226 0.1093 0.1000 0.0550 0.4963 0.0832 0 '0010000000' 0.3333
topBm25fTuneBoost_Hard2003_alpha2 2 228 0.0000 0.0000 0.0000 0.0000 0.0000 0 '0000000000' 0.0000
topBm25fTuneBoost_Hard2003_alpha2 2 229 0.1273 1.0000 1.0000 0.2502 0.1273 0 '2222222222' 1.0000
topBm25fTuneBoost_Hard2003_alpha2 2 231 0.0926 0.3000 0.4690 0.3099 0.0811 0 '1110000000' 1.0000
topBm25fTuneBoost_Hard2003_alpha2 2 233 0.1868 0.3000 0.2758 0.5611 0.2864 0 '0200002002' 0.5000
topBm25fTuneBoost_Hard2003_alpha2 2 234 0.3952 0.8000 0.8701 0.7213 0.4237 0 '2222222200' 1.0000
topBm25fTuneBoost_Hard2003_alpha2 2 235 0.0103 0.0000 0.0000 0.1694 0.0145 0 '0000000000' 0.0556
topBm25fTuneBoost_Hard2003_alpha2 2 237 0.6891 0.9000 0.6188 0.8089 0.7874 0 '0112221222' 0.5000
topBm25fTuneBoost_Hard2003_alpha2 2 33 0.4070 1.0000 1.0000 0.6575 0.5826 0 '2222222222' 1.0000
topBm25fTuneBoost_Hard2003_alpha2 2 36 0.6183 0.9000 0.9306 0.8229 0.6006 0 '2222222022' 1.0000
topBm25fTuneBoost_Hard2003_alpha2 2 44 0.6974 0.8000 0.8454 0.9236 0.6328 0 '2222022022' 1.0000
topBm25fTuneBoost_Hard2003_alpha2 2 48 0.5295 1.0000 0.9653 0.7439 0.7196 0 '2222222122' 1.0000
topBm25fTuneBoost_Hard2003_alpha2 2 51 0.4633 1.0000 1.0000 0.6547 0.5610 0 '2222222222' 1.0000
topBm25fTuneBoost_Hard2003_alpha2 2 53 0.3511 0.4000 0.2884 0.6982 0.4399 0 '0000202022' 0.2000
topBm25fTuneBoost_Hard2003_alpha2 2 59 0.8135 0.6000 0.9280 0.9280 0.8056 0 '2202022200' 1.0000
topBm25fTuneBoost_Hard2003_alpha2 2 65 0.5433 1.0000 1.0000 0.7239 0.6320 0 '2222222222' 1.0000
topBm25fTuneBoost_Hard2003_alpha2 2 69 0.0844 0.6000 0.3886 0.2261 0.2031 0 '1110120010' 1.0000
topBm25fTuneBoost_Hard2003_alpha2 2 70 0.3357 0.6000 0.3587 0.6482 0.3654 0 '1001001122' 1.0000
topBm25fTuneBoost_Hard2003_alpha2 2 77 0.0324 0.3000 0.2646 0.2272 0.1081 0 '0020200200' 0.3333
topBm25fTuneBoost_Hard2003_alpha2 2 84 0.0499 0.0000 0.0000 0.3632 0.0128 0 '0000000000' 0.0435
topBm25fTuneBoost_Hard2003_alpha2 2 87 0.6981 0.7000 0.7910 0.9000 0.6782 0 '2222220002' 1.0000
topBm25fTuneBoost_Hard2003_alpha2 2 99 0.2004 0.6000 0.5580 0.5125 0.4162 0 '2201200101' 1.0000
topBm25fTuneBoost_Hard2003_alpha3 3 102 0.7373 1.0000 1.0000 0.9169 0.8703 0 '2222222222' 1.0000
topBm25fTuneBoost_Hard2003_alpha3 3 105 0.2494 0.6000 0.5309 0.6313 0.2420 0 '0222120020' 0.5000
topBm25fTuneBoost_Hard2003_alpha3 3 115 0.0000 0.0000 0.0000 0.0000 0.0000 3 '00000-00--' 0.0000
topBm25fTuneBoost_Hard2003_alpha3 3 116 0.4773 1.0000 0.7571 0.7837 0.7096 0 '2111212221' 1.0000
topBm25fTuneBoost_Hard2003_alpha3 3 117 0.0004 0.0000 0.0000 0.0330 0.0000 0 '0000000000' 0.0067
topBm25fTuneBoost_Hard2003_alpha3 3 124 0.4438 0.4000 0.5200 0.7750 0.3800 0 '2202000020' 1.0000
topBm25fTuneBoost_Hard2003_alpha3 3 146 0.1721 0.7000 0.6367 0.4872 0.3139 0 '1220020222' 1.0000
topBm25fTuneBoost_Hard2003_alpha3 3 147 0.3896 0.9000 0.9052 0.6537 0.5605 0 '2220222222' 1.0000
topBm25fTuneBoost_Hard2003_alpha3 3 154 0.0394 0.0000 0.0000 0.2447 0.0000 0 '0000000000' 0.0286
topBm25fTuneBoost_Hard2003_alpha3 3 155 0.0661 0.2000 0.1884 0.4109 0.0806 0 '0010010000' 0.3333
topBm25fTuneBoost_Hard2003_alpha3 3 157 0.0865 0.7000 0.3828 0.1271 0.1530 0 '1110110101' 1.0000
topBm25fTuneBoost_Hard2003_alpha3 3 171 0.2567 0.5000 0.4759 0.6617 0.4121 0 '2002211000' 1.0000
topBm25fTuneBoost_Hard2003_alpha3 3 176 0.0020 0.0000 0.0000 0.0734 0.0000 0 '0000000000' 0.0088
topBm25fTuneBoost_Hard2003_alpha3 3 177 0.0051 0.0000 0.0000 0.1052 0.0000 0 '0000000000' 0.0119
topBm25fTuneBoost_Hard2003_alpha3 3 180 0.3283 0.5000 0.6236 0.7216 0.3668 0 '2220200200' 1.0000
topBm25fTuneBoost_Hard2003_alpha3 3 182 0.1087 0.2000 0.2122 0.4591 0.1256 0 '0200002000' 0.5000
topBm25fTuneBoost_Hard2003_alpha3 3 186 0.0024 0.0000 0.0000 0.1214 0.0000 0 '0000000000' 0.0127
topBm25fTuneBoost_Hard2003_alpha3 3 187 0.0386 0.1000 0.0663 0.2393 0.1505 0 '0000000020' 0.1111
topBm25fTuneBoost_Hard2003_alpha3 3 190 0.0828 0.1000 0.0636 0.3919 0.0708 0 '0000000002' 0.1000
topBm25fTuneBoost_Hard2003_alpha3 3 194 0.2819 0.7000 0.5682 0.5828 0.3455 0 '0220022221' 0.5000
topBm25fTuneBoost_Hard2003_alpha3 3 196 0.5253 1.0000 1.0000 0.7832 0.6390 0 '2222222222' 1.0000
topBm25fTuneBoost_Hard2003_alpha3 3 198 0.1261 0.3000 0.1373 0.4643 0.2319 0 '0100000110' 0.5000
topBm25fTuneBoost_Hard2003_alpha3 3 203 0.3494 0.7000 0.4912 0.6465 0.2965 0 '1211002101' 1.0000
topBm25fTuneBoost_Hard2003_alpha3 3 215 0.6446 0.4000 0.2530 0.8306 0.7612 0 '0000022201' 0.1667
topBm25fTuneBoost_Hard2003_alpha3 3 217 0.0605 0.0000 0.0000 0.3654 0.0000 0 '0000000000' 0.0238
topBm25fTuneBoost_Hard2003_alpha3 3 220 0.0111 0.0000 0.0000 0.1872 0.0000 0 '0000000000' 0.0074
topBm25fTuneBoost_Hard2003_alpha3 3 222 0.3395 0.8000 0.6003 0.5600 0.5290 0 '2010121221' 1.0000
topBm25fTuneBoost_Hard2003_alpha3 3 223 0.4481 1.0000 0.5841 0.6340 0.5954 0 '1112112111' 1.0000
topBm25fTuneBoost_Hard2003_alpha3 3 226 0.1208 0.1000 0.0550 0.5093 0.1088 0 '0010000000' 0.3333
topBm25fTuneBoost_Hard2003_alpha3 3 228 0.0000 0.0000 0.0000 0.0000 0.0000 0 '0000000000' 0.0000
topBm25fTuneBoost_Hard2003_alpha3 3 229 0.1273 1.0000 1.0000 0.2502 0.1273 0 '2222222222' 1.0000
topBm25fTuneBoost_Hard2003_alpha3 3 231 0.0931 0.3000 0.4690 0.3105 0.0811 0 '1110000000' 1.0000
topBm25fTuneBoost_Hard2003_alpha3 3 233 0.1869 0.3000 0.2758 0.5612 0.2864 0 '0200002002' 0.5000
topBm25fTuneBoost_Hard2003_alpha3 3 234 0.3796 0.8000 0.8701 0.7054 0.4042 0 '2222222200' 1.0000
topBm25fTuneBoost_Hard2003_alpha3 3 235 0.0105 0.0000 0.0000 0.1700 0.0139 0 '0000000000' 0.0526
topBm25fTuneBoost_Hard2003_alpha3 3 237 0.6940 0.9000 0.6207 0.8110 0.7910 0 '0112222122' 0.5000
topBm25fTuneBoost_Hard2003_alpha3 3 33 0.4090 1.0000 1.0000 0.6565 0.5791 0 '2222222222' 1.0000
topBm25fTuneBoost_Hard2003_alpha3 3 36 0.6187 0.9000 0.9306 0.8316 0.5956 0 '2222222022' 1.0000
topBm25fTuneBoost_Hard2003_alpha3 3 44 0.6942 0.8000 0.8486 0.9239 0.6250 0 '2222022202' 1.0000
topBm25fTuneBoost_Hard2003_alpha3 3 48 0.5358 1.0000 0.9669 0.7489 0.7253 0 '2222222212' 1.0000
topBm25fTuneBoost_Hard2003_alpha3 3 51 0.4635 1.0000 1.0000 0.6545 0.5621 0 '2222222222' 1.0000
topBm25fTuneBoost_Hard2003_alpha3 3 53 0.3590 0.5000 0.3827 0.7119 0.4428 0 '0020002222' 0.3333
topBm25fTuneBoost_Hard2003_alpha3 3 59 0.8135 0.6000 0.9280 0.9280 0.8056 0 '2202022200' 1.0000
topBm25fTuneBoost_Hard2003_alpha3 3 65 0.4921 1.0000 1.0000 0.6918 0.5956 0 '2222222222' 1.0000
topBm25fTuneBoost_Hard2003_alpha3 3 69 0.0845 0.6000 0.3886 0.2247 0.2016 0 '1110120010' 1.0000
topBm25fTuneBoost_Hard2003_alpha3 3 70 0.3464 0.6000 0.3623 0.6535 0.3738 0 '1001002112' 1.0000
topBm25fTuneBoost_Hard2003_alpha3 3 77 0.0289 0.2000 0.1834 0.2166 0.1071 0 '0020002000' 0.3333
topBm25fTuneBoost_Hard2003_alpha3 3 84 0.0491 0.0000 0.0000 0.3577 0.0176 0 '0000000000' 0.0435
topBm25fTuneBoost_Hard2003_alpha3 3 87 0.6792 0.7000 0.7910 0.8913 0.6782 0 '2222220002' 1.0000
topBm25fTuneBoost_Hard2003_alpha3 3 99 0.2013 0.5000 0.5262 0.5119 0.4140 0 '2201200100' 1.0000
topBm25fTuneBoost_Hard2003_alpha4 4 102 0.7431 1.0000 1.0000 0.9177 0.8745 0 '2222222222' 1.0000
topBm25fTuneBoost_Hard2003_alpha4 4 105 0.2124 0.5000 0.4647 0.6072 0.1906 0 '0222120000' 0.5000
topBm25fTuneBoost_Hard2003_alpha4 4 115 0.0000 0.0000 0.0000 0.0000 0.0000 5 '000-0---0-' 0.0000
topBm25fTuneBoost_Hard2003_alpha4 4 116 0.4928 1.0000 0.7538 0.7903 0.7233 0 '2111122221' 1.0000
topBm25fTuneBoost_Hard2003_alpha4 4 117 0.0003 0.0000 0.0000 0.0319 0.0000 0 '0000000000' 0.0062
topBm25fTuneBoost_Hard2003_alpha4 4 124 0.4341 0.4000 0.5200 0.7693 0.3800 0 '2202000020' 1.0000
topBm25fTuneBoost_Hard2003_alpha4 4 146 0.1725 0.7000 0.6434 0.4860 0.3151 0 '1220200222' 1.0000
topBm25fTuneBoost_Hard2003_alpha4 4 147 0.3945 0.9000 0.9052 0.6569 0.5641 0 '2220222222' 1.0000
topBm25fTuneBoost_Hard2003_alpha4 4 154 0.0386 0.0000 0.0000 0.2440 0.0000 0 '0000000000' 0.0294
topBm25fTuneBoost_Hard2003_alpha4 4 155 0.0635 0.2000 0.1884 0.3919 0.0811 0 '0010010000' 0.3333
topBm25fTuneBoost_Hard2003_alpha4 4 157 0.0910 0.9000 0.4608 0.1293 0.1524 0 '1111101111' 1.0000
topBm25fTuneBoost_Hard2003_alpha4 4 171 0.2758 0.5000 0.4782 0.6749 0.4287 0 '2020110020' 1.0000
topBm25fTuneBoost_Hard2003_alpha4 4 176 0.0016 0.0000 0.0000 0.0630 0.0000 0 '0000000000' 0.0093
topBm25fTuneBoost_Hard2003_alpha4 4 177 0.0045 0.0000 0.0000 0.1033 0.0000 0 '0000000000' 0.0116
topBm25fTuneBoost_Hard2003_alpha4 4 180 0.3429 0.6000 0.6872 0.7276 0.3942 0 '2220200202' 1.0000
topBm25fTuneBoost_Hard2003_alpha4 4 182 0.1093 0.2000 0.2122 0.4600 0.1216 0 '0200002000' 0.5000
topBm25fTuneBoost_Hard2003_alpha4 4 186 0.0030 0.0000 0.0000 0.1436 0.0000 0 '0000000000' 0.0133
topBm25fTuneBoost_Hard2003_alpha4 4 187 0.0375 0.1000 0.0636 0.2408 0.1509 0 '0000000002' 0.1000
topBm25fTuneBoost_Hard2003_alpha4 4 190 0.0835 0.0000 0.0000 0.3917 0.0744 0 '0000000000' 0.0909
topBm25fTuneBoost_Hard2003_alpha4 4 194 0.2788 0.7000 0.5682 0.5839 0.3482 0 '0220022221' 0.5000
topBm25fTuneBoost_Hard2003_alpha4 4 196 0.5349 1.0000 1.0000 0.7864 0.6440 0 '2222222222' 1.0000
topBm25fTuneBoost_Hard2003_alpha4 4 198 0.1295 0.4000 0.2038 0.4691 0.2364 0 '0100000211' 0.5000
topBm25fTuneBoost_Hard2003_alpha4 4 203 0.3483 0.7000 0.4912 0.6465 0.2985 0 '1211002101' 1.0000
topBm25fTuneBoost_Hard2003_alpha4 4 215 0.6600 0.4000 0.2930 0.8372 0.7748 0 '0002220100' 0.2500
topBm25fTuneBoost_Hard2003_alpha4 4 217 0.0611 0.0000 0.0000 0.3663 0.0000 0 '0000000000' 0.0244
topBm25fTuneBoost_Hard2003_alpha4 4 220 0.0110 0.0000 0.0000 0.1874 0.0000 0 '0000000000' 0.0074
topBm25fTuneBoost_Hard2003_alpha4 4 222 0.3466 0.8000 0.5964 0.5642 0.5354 0 '2010112212' 1.0000
topBm25fTuneBoost_Hard2003_alpha4 4 223 0.4471 1.0000 0.5841 0.6332 0.5924 0 '1112112111' 1.0000
topBm25fTuneBoost_Hard2003_alpha4 4 226 0.1370 0.1000 0.0550 0.5273 0.1381 0 '0010000000' 0.3333
topBm25fTuneBoost_Hard2003_alpha4 4 228 0.0000 0.0000 0.0000 0.0000 0.0000 0 '0000000000' 0.0000
topBm25fTuneBoost_Hard2003_alpha4 4 229 0.1273 1.0000 1.0000 0.2502 0.1273 0 '2222222222' 1.0000
topBm25fTuneBoost_Hard2003_alpha4 4 231 0.0985 0.3000 0.4690 0.3820 0.0898 0 '1110000000' 1.0000
topBm25fTuneBoost_Hard2003_alpha4 4 233 0.1860 0.3000 0.2758 0.5570 0.2854 0 '0200002002' 0.5000
topBm25fTuneBoost_Hard2003_alpha4 4 234 0.3558 0.8000 0.8701 0.6768 0.3776 0 '2222222200' 1.0000
topBm25fTuneBoost_Hard2003_alpha4 4 235 0.0111 0.0000 0.0000 0.1716 0.0132 0 '0000000000' 0.0500
topBm25fTuneBoost_Hard2003_alpha4 4 237 0.6966 0.9000 0.6236 0.8117 0.7932 0 '0112222221' 0.5000
topBm25fTuneBoost_Hard2003_alpha4 4 33 0.4095 1.0000 1.0000 0.6536 0.5728 0 '2222222222' 1.0000
topBm25fTuneBoost_Hard2003_alpha4 4 36 0.6182 0.9000 0.9306 0.8316 0.5906 0 '2222222022' 1.0000
topBm25fTuneBoost_Hard2003_alpha4 4 44 0.7000 0.8000 0.8512 0.9267 0.6289 0 '2222022220' 1.0000
topBm25fTuneBoost_Hard2003_alpha4 4 48 0.5353 1.0000 0.9669 0.7512 0.7274 0 '2222222212' 1.0000
topBm25fTuneBoost_Hard2003_alpha4 4 51 0.4601 0.9000 0.9306 0.6497 0.5586 0 '2222222022' 1.0000
topBm25fTuneBoost_Hard2003_alpha4 4 53 0.3664 0.5000 0.4115 0.7214 0.4454 0 '0200002222' 0.5000
topBm25fTuneBoost_Hard2003_alpha4 4 59 0.8135 0.6000 0.9280 0.9280 0.8056 0 '2202022200' 1.0000
topBm25fTuneBoost_Hard2003_alpha4 4 65 0.4389 1.0000 1.0000 0.6701 0.5768 0 '2222222222' 1.0000
topBm25fTuneBoost_Hard2003_alpha4 4 69 0.0841 0.6000 0.3836 0.2243 0.2014 0 '1110102010' 1.0000
topBm25fTuneBoost_Hard2003_alpha4 4 70 0.3496 0.5000 0.2986 0.6491 0.3813 0 '1001002110' 1.0000
topBm25fTuneBoost_Hard2003_alpha4 4 77 0.0272 0.1000 0.1100 0.2122 0.1043 0 '0020000000' 0.3333
topBm25fTuneBoost_Hard2003_alpha4 4 84 0.0495 0.0000 0.0000 0.3639 0.0241 0 '0000000000' 0.0417
topBm25fTuneBoost_Hard2003_alpha4 4 87 0.6710 0.7000 0.7910 0.8854 0.6782 0 '2222220002' 1.0000
topBm25fTuneBoost_Hard2003_alpha4 4 99 0.2050 0.6000 0.6017 0.5197 0.4202 0 '2201220001' 1.0000
topBm25fTuneBoost_Hard2003_alpha5 5 102 0.7470 1.0000 1.0000 0.9188 0.8775 0 '2222222222' 1.0000
topBm25fTuneBoost_Hard2003_alpha5 5 105 0.1815 0.5000 0.4557 0.5754 0.1531 0 '0222100200' 0.5000
topBm25fTuneBoost_Hard2003_alpha5 5 115 0.0000 0.0000 0.0000 0.0000 0.0000 6 '00-0-----0' 0.0000
topBm25fTuneBoost_Hard2003_alpha5 5 116 0.5100 1.0000 0.7538 0.7981 0.7379 0 '2111122221' 1.0000
topBm25fTuneBoost_Hard2003_alpha5 5 117 0.0001 0.0000 0.0000 0.0215 0.0000 0 '0000000000' 0.0053
topBm25fTuneBoost_Hard2003_alpha5 5 124 0.4326 0.4000 0.5271 0.7667 0.4000 0 '2202002000' 1.0000
topBm25fTuneBoost_Hard2003_alpha5 5 146 0.1737 0.7000 0.6505 0.4852 0.3180 0 '1220202202' 1.0000
topBm25fTuneBoost_Hard2003_alpha5 5 147 0.3989 0.9000 0.9052 0.6601 0.5680 0 '2220222222' 1.0000
topBm25fTuneBoost_Hard2003_alpha5 5 154 0.0381 0.0000 0.0000 0.2433 0.0000 0 '0000000000' 0.0294
topBm25fTuneBoost_Hard2003_alpha5 5 155 0.0610 0.2000 0.1884 0.3883 0.0800 0 '0010010000' 0.3333
topBm25fTuneBoost_Hard2003_alpha5 5 157 0.0934 1.0000 0.5000 0.1286 0.1479 0 '1111111111' 1.0000
topBm25fTuneBoost_Hard2003_alpha5 5 171 0.3024 0.5000 0.4895 0.6924 0.4502 0 '2021100200' 1.0000
topBm25fTuneBoost_Hard2003_alpha5 5 176 0.0025 0.0000 0.0000 0.0776 0.0000 0 '0000000000' 0.0105
topBm25fTuneBoost_Hard2003_alpha5 5 177 0.0039 0.0000 0.0000 0.1010 0.0000 0 '0000000000' 0.0125
topBm25fTuneBoost_Hard2003_alpha5 5 180 0.3629 0.6000 0.6554 0.7335 0.4250 0 '2220200201' 1.0000
topBm25fTuneBoost_Hard2003_alpha5 5 182 0.1149 0.2000 0.2122 0.4927 0.1229 0 '0200002000' 0.5000
topBm25fTuneBoost_Hard2003_alpha5 5 186 0.0050 0.0000 0.0000 0.1771 0.0000 0 '0000000000' 0.0135
topBm25fTuneBoost_Hard2003_alpha5 5 187 0.0346 0.1000 0.0663 0.2383 0.1496 0 '0000000020' 0.1111
topBm25fTuneBoost_Hard2003_alpha5 5 190 0.0854 0.0000 0.0000 0.3938 0.0852 0 '0000000000' 0.0909
topBm25fTuneBoost_Hard2003_alpha5 5 194 0.2698 0.6000 0.5364 0.5808 0.3505 0 '0220022220' 0.5000
topBm25fTuneBoost_Hard2003_alpha5 5 196 0.5431 1.0000 1.0000 0.7826 0.6432 0 '2222222222' 1.0000
topBm25fTuneBoost_Hard2003_alpha5 5 198 0.1319 0.3000 0.1720 0.4714 0.2413 0 '0100000210' 0.5000
topBm25fTuneBoost_Hard2003_alpha5 5 203 0.3491 0.7000 0.4912 0.6469 0.3005 0 '1211002101' 1.0000
topBm25fTuneBoost_Hard2003_alpha5 5 215 0.6806 0.4000 0.2950 0.8454 0.7898 0 '0002221000' 0.2500
topBm25fTuneBoost_Hard2003_alpha5 5 217 0.0618 0.0000 0.0000 0.3673 0.0000 0 '0000000000' 0.0250
topBm25fTuneBoost_Hard2003_alpha5 5 220 0.0109 0.0000 0.0000 0.1878 0.0000 0 '0000000000' 0.0077
topBm25fTuneBoost_Hard2003_alpha5 5 222 0.3494 0.8000 0.5929 0.5598 0.5316 0 '2010111222' 1.0000
topBm25fTuneBoost_Hard2003_alpha5 5 223 0.4399 1.0000 0.6188 0.6249 0.5807 0 '1112112211' 1.0000
topBm25fTuneBoost_Hard2003_alpha5 5 226 0.1635 0.3000 0.1553 0.5507 0.1710 0 '0010001002' 0.3333
topBm25fTuneBoost_Hard2003_alpha5 5 228 0.0000 0.0000 0.0000 0.0000 0.0000 0 '0000000000' 0.0000
topBm25fTuneBoost_Hard2003_alpha5 5 229 0.1267 1.0000 1.0000 0.2500 0.1272 0 '2222222222' 1.0000
topBm25fTuneBoost_Hard2003_alpha5 5 231 0.1019 0.3000 0.4690 0.4062 0.0972 0 '1110000000' 1.0000
topBm25fTuneBoost_Hard2003_alpha5 5 233 0.1847 0.2000 0.2083 0.5512 0.2852 0 '0200000200' 0.5000
topBm25fTuneBoost_Hard2003_alpha5 5 234 0.3256 0.8000 0.8701 0.6655 0.3401 0 '2222222200' 1.0000
topBm25fTuneBoost_Hard2003_alpha5 5 235 0.0118 0.0000 0.0000 0.1736 0.0166 0 '0000000000' 0.0500
topBm25fTuneBoost_Hard2003_alpha5 5 237 0.7001 0.8000 0.5918 0.8109 0.7927 0 '0112222220' 0.5000
topBm25fTuneBoost_Hard2003_alpha5 5 33 0.4049 1.0000 1.0000 0.6446 0.5606 0 '2222222222' 1.0000
topBm25fTuneBoost_Hard2003_alpha5 5 36 0.6125 0.9000 0.9306 0.8299 0.5806 0 '2222222022' 1.0000
topBm25fTuneBoost_Hard2003_alpha5 5 44 0.7019 0.9000 0.9149 0.9278 0.6289 0 '2222022222' 1.0000
topBm25fTuneBoost_Hard2003_alpha5 5 48 0.5233 1.0000 0.9669 0.7454 0.7205 0 '2222222212' 1.0000
topBm25fTuneBoost_Hard2003_alpha5 5 51 0.4550 0.9000 0.9149 0.6467 0.5591 0 '2222022222' 1.0000
topBm25fTuneBoost_Hard2003_alpha5 5 53 0.3760 0.5000 0.4263 0.7279 0.4488 0 '0200022220' 0.5000
topBm25fTuneBoost_Hard2003_alpha5 5 59 0.7718 0.5000 0.8325 0.9143 0.6944 0 '2202022000' 1.0000
topBm25fTuneBoost_Hard2003_alpha5 5 65 0.3894 1.0000 1.0000 0.6474 0.5596 0 '2222222222' 1.0000
topBm25fTuneBoost_Hard2003_alpha5 5 69 0.0843 0.6000 0.3836 0.2245 0.2014 0 '1110102010' 1.0000
topBm25fTuneBoost_Hard2003_alpha5 5 70 0.3527 0.4000 0.2773 0.6407 0.3866 0 '1001200100' 1.0000
topBm25fTuneBoost_Hard2003_alpha5 5 77 0.0244 0.1000 0.0636 0.2042 0.1005 0 '0000000002' 0.1000
topBm25fTuneBoost_Hard2003_alpha5 5 84 0.0476 0.0000 0.0000 0.3542 0.0299 0 '0000000000' 0.0417
topBm25fTuneBoost_Hard2003_alpha5 5 87 0.6430 0.7000 0.7910 0.8727 0.6401 0 '2222220002' 1.0000
topBm25fTuneBoost_Hard2003_alpha5 5 99 0.2041 0.6000 0.6017 0.5250 0.4237 0 '2201220001' 1.0000
topBm25fTuneBoost_Hard2003_alpha6 6 102 0.7533 1.0000 1.0000 0.9222 0.8806 0 '2222222222' 1.0000
topBm25fTuneBoost_Hard2003_alpha6 6 105 0.1503 0.4000 0.4007 0.5490 0.1294 0 '0220022000' 0.5000
topBm25fTuneBoost_Hard2003_alpha6 6 115 0.0000 0.0000 0.0000 0.0000 0.0000 6 '----00--00' 0.0000
topBm25fTuneBoost_Hard2003_alpha6 6 116 0.5251 1.0000 0.7538 0.7988 0.7437 0 '2111122221' 1.0000
topBm25fTuneBoost_Hard2003_alpha6 6 117 0.0001 0.0000 0.0000 0.0204 0.0000 0 '0000000000' 0.0038
topBm25fTuneBoost_Hard2003_alpha6 6 124 0.4342 0.4000 0.5321 0.7653 0.4100 0 '2202020000' 1.0000
topBm25fTuneBoost_Hard2003_alpha6 6 146 0.1742 0.7000 0.6653 0.4872 0.3225 0 '1220222200' 1.0000
topBm25fTuneBoost_Hard2003_alpha6 6 147 0.4014 0.9000 0.9149 0.6613 0.5693 0 '2222022222' 1.0000
topBm25fTuneBoost_Hard2003_alpha6 6 154 0.0386 0.0000 0.0000 0.2452 0.0000 0 '0000000000' 0.0333
topBm25fTuneBoost_Hard2003_alpha6 6 155 0.0543 0.2000 0.1884 0.3320 0.0784 0 '0010010000' 0.3333
topBm25fTuneBoost_Hard2003_alpha6 6 157 0.0930 1.0000 0.5000 0.1281 0.1472 0 '1111111111' 1.0000
topBm25fTuneBoost_Hard2003_alpha6 6 171 0.3335 0.5000 0.4653 0.7131 0.4860 0 '2011002200' 1.0000
topBm25fTuneBoost_Hard2003_alpha6 6 176 0.0027 0.0000 0.0000 0.0782 0.0000 0 '0000000000' 0.0105
topBm25fTuneBoost_Hard2003_alpha6 6 177 0.0035 0.0000 0.0000 0.0994 0.0000 0 '0000000000' 0.0139
topBm25fTuneBoost_Hard2003_alpha6 6 180 0.3797 0.6000 0.6370 0.7382 0.4581 0 '2202200021' 1.0000
topBm25fTuneBoost_Hard2003_alpha6 6 182 0.1123 0.2000 0.1795 0.4897 0.1059 0 '0020000200' 0.3333
topBm25fTuneBoost_Hard2003_alpha6 6 186 0.0068 0.0000 0.0000 0.1920 0.0000 0 '0000000000' 0.0152
topBm25fTuneBoost_Hard2003_alpha6 6 187 0.0299 0.1000 0.0694 0.2268 0.1457 0 '0000000200' 0.1250
topBm25fTuneBoost_Hard2003_alpha6 6 190 0.0871 0.0000 0.0000 0.3946 0.0952 0 '0000000000' 0.0769
topBm25fTuneBoost_Hard2003_alpha6 6 194 0.2684 0.6000 0.5455 0.5827 0.3556 0 '0220220202' 0.5000
topBm25fTuneBoost_Hard2003_alpha6 6 196 0.5615 1.0000 1.0000 0.7932 0.6576 0 '2222222222' 1.0000
topBm25fTuneBoost_Hard2003_alpha6 6 198 0.1376 0.3000 0.1978 0.4801 0.2491 0 '0110002000' 0.5000
topBm25fTuneBoost_Hard2003_alpha6 6 203 0.3499 0.7000 0.4912 0.6476 0.3057 0 '1211002101' 1.0000
topBm25fTuneBoost_Hard2003_alpha6 6 215 0.6980 0.4000 0.2925 0.8488 0.8055 0 '0002212000' 0.2500
topBm25fTuneBoost_Hard2003_alpha6 6 217 0.0636 0.0000 0.0000 0.3698 0.0000 0 '0000000000' 0.0263
topBm25fTuneBoost_Hard2003_alpha6 6 220 0.0109 0.0000 0.0000 0.1884 0.0000 0 '0000000000' 0.0079
topBm25fTuneBoost_Hard2003_alpha6 6 222 0.3454 0.8000 0.4750 0.5492 0.5227 0 '0212111110' 0.5000
topBm25fTuneBoost_Hard2003_alpha6 6 223 0.4157 1.0000 0.6607 0.5945 0.5393 0 '1121121212' 1.0000
topBm25fTuneBoost_Hard2003_alpha6 6 226 0.1793 0.5000 0.2975 0.5541 0.1928 0 '0010012022' 0.3333
topBm25fTuneBoost_Hard2003_alpha6 6 228 0.0000 0.0000 0.0000 0.0000 0.0000 0 '0000000000' 0.0000
topBm25fTuneBoost_Hard2003_alpha6 6 229 0.1199 1.0000 1.0000 0.2467 0.1257 0 '2222222222' 1.0000
topBm25fTuneBoost_Hard2003_alpha6 6 231 0.0976 0.3000 0.4537 0.3865 0.1066 0 '1101000000' 1.0000
topBm25fTuneBoost_Hard2003_alpha6 6 233 0.1836 0.3000 0.2719 0.5475 0.2834 0 '0200000202' 0.5000
topBm25fTuneBoost_Hard2003_alpha6 6 234 0.2861 0.8000 0.8701 0.6480 0.2984 0 '2222222200' 1.0000
topBm25fTuneBoost_Hard2003_alpha6 6 235 0.0123 0.0000 0.0000 0.1747 0.0208 0 '0000000000' 0.0476
topBm25fTuneBoost_Hard2003_alpha6 6 237 0.7032 0.8000 0.5918 0.8200 0.8012 0 '0112222220' 0.5000
topBm25fTuneBoost_Hard2003_alpha6 6 33 0.4002 1.0000 1.0000 0.6369 0.5504 0 '2222222222' 1.0000
topBm25fTuneBoost_Hard2003_alpha6 6 36 0.6010 0.9000 0.9306 0.8254 0.5719 0 '2222222022' 1.0000
topBm25fTuneBoost_Hard2003_alpha6 6 44 0.7048 0.9000 0.9216 0.9312 0.6328 0 '2222202222' 1.0000
topBm25fTuneBoost_Hard2003_alpha6 6 48 0.5119 1.0000 0.9682 0.7451 0.7240 0 '2222222221' 1.0000
topBm25fTuneBoost_Hard2003_alpha6 6 51 0.4471 0.9000 0.9149 0.6412 0.5543 0 '2222022222' 1.0000
topBm25fTuneBoost_Hard2003_alpha6 6 53 0.3901 0.7000 0.5915 0.7299 0.4547 0 '0202202222' 0.5000
topBm25fTuneBoost_Hard2003_alpha6 6 59 0.6251 0.4000 0.7149 0.8529 0.5000 0 '2202000020' 1.0000
topBm25fTuneBoost_Hard2003_alpha6 6 65 0.3256 1.0000 1.0000 0.6042 0.5209 0 '2222222222' 1.0000
topBm25fTuneBoost_Hard2003_alpha6 6 69 0.0842 0.6000 0.3780 0.2240 0.2012 0 '1110100120' 1.0000
topBm25fTuneBoost_Hard2003_alpha6 6 70 0.3520 0.6000 0.3740 0.6282 0.3913 0 '1001200112' 1.0000
topBm25fTuneBoost_Hard2003_alpha6 6 77 0.0236 0.0000 0.0000 0.2026 0.0938 0 '0000000000' 0.0769
topBm25fTuneBoost_Hard2003_alpha6 6 84 0.0469 0.0000 0.0000 0.3535 0.0375 0 '0000000000' 0.0370
topBm25fTuneBoost_Hard2003_alpha6 6 87 0.5647 0.7000 0.7910 0.8420 0.5260 0 '2222220002' 1.0000
topBm25fTuneBoost_Hard2003_alpha6 6 99 0.2031 0.6000 0.6094 0.5281 0.4257 0 '2202120100' 1.0000
topBm25fTuneBoost_Hard2003_alpha7 7 102 0.7622 1.0000 0.9322 0.9235 0.8858 0 '2222222112' 1.0000
topBm25fTuneBoost_Hard2003_alpha7 7 105 0.1260 0.3000 0.3273 0.5267 0.0953 0 '0220020000' 0.5000
topBm25fTuneBoost_Hard2003_alpha7 7 115 0.0000 0.0000 0.0000 0.0000 0.0000 7 '------00-0' 0.0000
topBm25fTuneBoost_Hard2003_alpha7 7 116 0.5367 1.0000 0.7698 0.7950 0.7394 0 '2112212121' 1.0000
topBm25fTuneBoost_Hard2003_alpha7 7 117 0.0000 0.0000 0.0000 0.0101 0.0000 0 '0000000000' 0.0020
topBm25fTuneBoost_Hard2003_alpha7 7 124 0.4095 0.4000 0.5271 0.7507 0.3600 0 '2202002000' 1.0000
topBm25fTuneBoost_Hard2003_alpha7 7 146 0.1700 0.7000 0.6434 0.4874 0.3295 0 '1220200222' 1.0000
topBm25fTuneBoost_Hard2003_alpha7 7 147 0.4001 0.9000 0.9052 0.6602 0.5700 0 '2220222222' 1.0000
topBm25fTuneBoost_Hard2003_alpha7 7 154 0.0362 0.0000 0.0000 0.2422 0.0000 0 '0000000000' 0.0345
topBm25fTuneBoost_Hard2003_alpha7 7 155 0.0483 0.2000 0.1834 0.3149 0.0763 0 '0010001000' 0.3333
topBm25fTuneBoost_Hard2003_alpha7 7 157 0.0880 1.0000 0.5000 0.1228 0.1380 0 '1111111111' 1.0000
topBm25fTuneBoost_Hard2003_alpha7 7 171 0.3693 0.7000 0.5634 0.7366 0.5347 0 '2011002221' 1.0000
topBm25fTuneBoost_Hard2003_alpha7 7 176 0.0023 0.0000 0.0000 0.0722 0.0000 0 '0000000000' 0.0115
topBm25fTuneBoost_Hard2003_alpha7 7 177 0.0018 0.0000 0.0000 0.0548 0.0000 0 '0000000000' 0.0149
topBm25fTuneBoost_Hard2003_alpha7 7 180 0.3993 0.6000 0.6199 0.7510 0.4901 0 '2202000212' 1.0000
topBm25fTuneBoost_Hard2003_alpha7 7 182 0.1108 0.2000 0.1642 0.4831 0.0868 0 '0002000200' 0.2500
topBm25fTuneBoost_Hard2003_alpha7 7 186 0.0088 0.0000 0.0000 0.2073 0.0000 0 '0000000000' 0.0185
topBm25fTuneBoost_Hard2003_alpha7 7 187 0.0262 0.2000 0.1331 0.2225 0.1432 0 '0000000202' 0.1250
topBm25fTuneBoost_Hard2003_alpha7 7 190 0.0885 0.0000 0.0000 0.3950 0.1040 0 '0000000000' 0.0714
topBm25fTuneBoost_Hard2003_alpha7 7 194 0.2640 0.6000 0.6524 0.5978 0.3655 0 '2200220022' 1.0000
topBm25fTuneBoost_Hard2003_alpha7 7 196 0.5760 1.0000 1.0000 0.7981 0.6705 0 '2222222222' 1.0000
topBm25fTuneBoost_Hard2003_alpha7 7 198 0.1426 0.3000 0.2395 0.4940 0.2559 1 '100200-100' 1.0000
topBm25fTuneBoost_Hard2003_alpha7 7 203 0.3469 0.7000 0.4925 0.6470 0.3090 0 '1211002110' 1.0000
topBm25fTuneBoost_Hard2003_alpha7 7 215 0.7182 0.5000 0.3864 0.8632 0.8217 0 '0202120001' 0.5000
topBm25fTuneBoost_Hard2003_alpha7 7 217 0.0648 0.0000 0.0000 0.3717 0.0000 0 '0000000000' 0.0286
topBm25fTuneBoost_Hard2003_alpha7 7 220 0.0110 0.0000 0.0000 0.1899 0.0019 0 '0000000000' 0.0132
topBm25fTuneBoost_Hard2003_alpha7 7 222 0.3276 0.9000 0.5903 0.5427 0.5194 0 '0221122111' 0.5000
topBm25fTuneBoost_Hard2003_alpha7 7 223 0.3775 1.0000 0.6674 0.5530 0.4932 0 '1121212121' 1.0000
topBm25fTuneBoost_Hard2003_alpha7 7 226 0.1991 0.7000 0.4692 0.5616 0.2112 0 '0011222022' 0.3333
topBm25fTuneBoost_Hard2003_alpha7 7 228 0.0000 0.0000 0.0000 0.0000 0.0000 0 '0000000000' 0.0000
topBm25fTuneBoost_Hard2003_alpha7 7 229 0.1012 0.9000 0.9364 0.2349 0.1159 0 '2222222220' 1.0000
topBm25fTuneBoost_Hard2003_alpha7 7 231 0.0883 0.3000 0.4153 0.3954 0.0979 0 '1010100000' 1.0000
topBm25fTuneBoost_Hard2003_alpha7 7 233 0.1817 0.3000 0.2719 0.5436 0.2807 0 '0200000202' 0.5000
topBm25fTuneBoost_Hard2003_alpha7 7 234 0.2339 0.8000 0.8701 0.6001 0.2527 0 '2222222200' 1.0000
topBm25fTuneBoost_Hard2003_alpha7 7 235 0.0127 0.0000 0.0000 0.1759 0.0215 0 '0000000000' 0.0435
topBm25fTuneBoost_Hard2003_alpha7 7 237 0.7014 0.9000 0.5876 0.8188 0.8032 0 '0112222112' 0.5000
topBm25fTuneBoost_Hard2003_alpha7 7 33 0.3900 1.0000 1.0000 0.6353 0.5489 0 '2222222222' 1.0000
topBm25fTuneBoost_Hard2003_alpha7 7 36 0.5811 0.9000 0.9337 0.8188 0.5550 0 '2222222202' 1.0000
topBm25fTuneBoost_Hard2003_alpha7 7 44 0.6999 0.8000 0.8580 0.9308 0.6289 0 '2222202220' 1.0000
topBm25fTuneBoost_Hard2003_alpha7 7 48 0.4935 1.0000 1.0000 0.7407 0.7223 0 '2222222222' 1.0000
topBm25fTuneBoost_Hard2003_alpha7 7 51 0.4344 0.9000 0.9052 0.6300 0.5455 0 '2220222222' 1.0000
topBm25fTuneBoost_Hard2003_alpha7 7 53 0.4113 0.8000 0.7511 0.7652 0.4575 0 '2002222222' 1.0000
topBm25fTuneBoost_Hard2003_alpha7 7 59 0.3727 0.3000 0.5450 0.6967 0.3056 0 '2020000020' 1.0000
topBm25fTuneBoost_Hard2003_alpha7 7 65 0.2783 1.0000 1.0000 0.5469 0.4630 0 '2222222222' 1.0000
topBm25fTuneBoost_Hard2003_alpha7 7 69 0.0839 0.6000 0.3747 0.2242 0.2024 0 '1110010120' 1.0000
topBm25fTuneBoost_Hard2003_alpha7 7 70 0.3426 0.6000 0.3587 0.5975 0.3930 0 '1001001122' 1.0000
topBm25fTuneBoost_Hard2003_alpha7 7 77 0.0220 0.0000 0.0000 0.1962 0.0867 0 '0000000000' 0.0909
topBm25fTuneBoost_Hard2003_alpha7 7 84 0.0464 0.0000 0.0000 0.3528 0.0481 0 '0000000000' 0.0263
topBm25fTuneBoost_Hard2003_alpha7 7 87 0.4697 0.7000 0.7910 0.7794 0.4325 0 '2222220002' 1.0000
topBm25fTuneBoost_Hard2003_alpha7 7 99 0.1943 0.8000 0.6874 0.5190 0.4138 0 '2221001211' 1.0000
topBm25fTuneBoost_Hard2003_alpha8 8 102 0.7674 1.0000 0.9302 0.9205 0.8857 0 '2222221212' 1.0000
topBm25fTuneBoost_Hard2003_alpha8 8 105 0.1130 0.3000 0.3273 0.5140 0.0909 0 '0220020000' 0.5000
topBm25fTuneBoost_Hard2003_alpha8 8 115 0.0000 0.0000 0.0000 0.0000 0.0000 9 '------0---' 0.0000
topBm25fTuneBoost_Hard2003_alpha8 8 116 0.5404 1.0000 0.7714 0.7927 0.7358 0 '2112212211' 1.0000
topBm25fTuneBoost_Hard2003_alpha8 8 117 0.0000 0.0000 0.0000 0.0094 0.0000 0 '0000000000' 0.0012
topBm25fTuneBoost_Hard2003_alpha8 8 124 0.3578 0.3000 0.4537 0.7154 0.2900 0 '2202000000' 1.0000
topBm25fTuneBoost_Hard2003_alpha8 8 146 0.1622 0.8000 0.7015 0.4885 0.3438 0 '1202202222' 1.0000
topBm25fTuneBoost_Hard2003_alpha8 8 147 0.3858 0.9000 0.9216 0.6514 0.5650 0 '2222202222' 1.0000
topBm25fTuneBoost_Hard2003_alpha8 8 154 0.0332 0.0000 0.0000 0.2380 0.0000 0 '0000000000' 0.0357
topBm25fTuneBoost_Hard2003_alpha8 8 155 0.0349 0.2000 0.1610 0.2890 0.0692 0 '0001000010' 0.2500
topBm25fTuneBoost_Hard2003_alpha8 8 157 0.0795 1.0000 0.5000 0.1143 0.1241 0 '1111111111' 1.0000
topBm25fTuneBoost_Hard2003_alpha8 8 171 0.4037 0.7000 0.6336 0.7494 0.5930 0 '2202110021' 1.0000
topBm25fTuneBoost_Hard2003_alpha8 8 176 0.0031 0.0000 0.0000 0.0878 0.0019 0 '0000000000' 0.0135
topBm25fTuneBoost_Hard2003_alpha8 8 177 0.0013 0.0000 0.0000 0.0517 0.0000 0 '0000000000' 0.0189
topBm25fTuneBoost_Hard2003_alpha8 8 180 0.4318 0.6000 0.5969 0.7495 0.5376 0 '2200002122' 1.0000
topBm25fTuneBoost_Hard2003_alpha8 8 182 0.0947 0.1000 0.0948 0.4488 0.1006 0 '0002000000' 0.2500
topBm25fTuneBoost_Hard2003_alpha8 8 186 0.0098 0.0000 0.0000 0.2102 0.0000 0 '0000000000' 0.0189
topBm25fTuneBoost_Hard2003_alpha8 8 187 0.0202 0.1000 0.0851 0.1926 0.1353 2 '000020--00' 0.2000
topBm25fTuneBoost_Hard2003_alpha8 8 190 0.0869 0.0000 0.0000 0.3628 0.1188 0 '0000000000' 0.0714
topBm25fTuneBoost_Hard2003_alpha8 8 194 0.2408 0.6000 0.6582 0.5878 0.3741 0 '2200220220' 1.0000
topBm25fTuneBoost_Hard2003_alpha8 8 196 0.5766 1.0000 1.0000 0.7759 0.6633 0 '2222222222' 1.0000
topBm25fTuneBoost_Hard2003_alpha8 8 198 0.1431 0.2000 0.1952 0.4972 0.2620 1 '100-200000' 1.0000
topBm25fTuneBoost_Hard2003_alpha8 8 203 0.3382 0.7000 0.4877 0.6438 0.3057 0 '1210102110' 1.0000
topBm25fTuneBoost_Hard2003_alpha8 8 215 0.7352 0.5000 0.3803 0.8657 0.8376 0 '0210200201' 0.5000
topBm25fTuneBoost_Hard2003_alpha8 8 217 0.0652 0.0000 0.0000 0.3730 0.0000 0 '0000000000' 0.0333
topBm25fTuneBoost_Hard2003_alpha8 8 220 0.0109 0.0000 0.0000 0.1899 0.0109 0 '0000000000' 0.0189
topBm25fTuneBoost_Hard2003_alpha8 8 222 0.2827 0.9000 0.7144 0.5243 0.5007 0 '2202211111' 1.0000
topBm25fTuneBoost_Hard2003_alpha8 8 223 0.3043 1.0000 0.7214 0.4964 0.4342 0 '1212112221' 1.0000
topBm25fTuneBoost_Hard2003_alpha8 8 226 0.1874 0.7000 0.4772 0.5502 0.2066 0 '0012122202' 0.3333
topBm25fTuneBoost_Hard2003_alpha8 8 228 0.0000 0.0000 0.0000 0.0000 0.0000 0 '0000000000' 0.0000
topBm25fTuneBoost_Hard2003_alpha8 8 229 0.0849 0.9000 0.9364 0.2185 0.0964 0 '2222222220' 1.0000
topBm25fTuneBoost_Hard2003_alpha8 8 231 0.0629 0.3000 0.2687 0.3443 0.0950 0 '0100000011' 0.5000
topBm25fTuneBoost_Hard2003_alpha8 8 233 0.1784 0.4000 0.3758 0.5368 0.2765 0 '0200222000' 0.5000
topBm25fTuneBoost_Hard2003_alpha8 8 234 0.1586 0.9000 0.9364 0.5315 0.2029 0 '2222222220' 1.0000
topBm25fTuneBoost_Hard2003_alpha8 8 235 0.0140 0.0000 0.0000 0.1623 0.0305 0 '0000000000' 0.0769
topBm25fTuneBoost_Hard2003_alpha8 8 237 0.6843 0.9000 0.6426 0.8268 0.8029 0 '1102222112' 1.0000
topBm25fTuneBoost_Hard2003_alpha8 8 33 0.3482 1.0000 1.0000 0.5921 0.5067 0 '2222222222' 1.0000
topBm25fTuneBoost_Hard2003_alpha8 8 36 0.5409 0.8000 0.8669 0.7932 0.5262 0 '2222222020' 1.0000
topBm25fTuneBoost_Hard2003_alpha8 8 44 0.6752 0.8000 0.8580 0.9227 0.6055 0 '2222202220' 1.0000
topBm25fTuneBoost_Hard2003_alpha8 8 48 0.4601 1.0000 1.0000 0.7222 0.7018 0 '2222222222' 1.0000
topBm25fTuneBoost_Hard2003_alpha8 8 51 0.4072 0.9000 0.9052 0.6150 0.5348 0 '2220222222' 1.0000
topBm25fTuneBoost_Hard2003_alpha8 8 53 0.4396 0.9000 0.9216 0.7945 0.4656 0 '2222202222' 1.0000
topBm25fTuneBoost_Hard2003_alpha8 8 59 0.3036 0.2000 0.4539 0.6319 0.3056 0 '2020000000' 1.0000
topBm25fTuneBoost_Hard2003_alpha8 8 65 0.2182 1.0000 1.0000 0.4731 0.3898 0 '2222222222' 1.0000
topBm25fTuneBoost_Hard2003_alpha8 8 69 0.0801 0.6000 0.3563 0.2181 0.1981 0 '1100011120' 1.0000
topBm25fTuneBoost_Hard2003_alpha8 8 70 0.3192 0.5000 0.3346 0.5559 0.3873 0 '1000112200' 1.0000
topBm25fTuneBoost_Hard2003_alpha8 8 77 0.0176 0.1000 0.0734 0.1878 0.0768 0 '0000002000' 0.1429
topBm25fTuneBoost_Hard2003_alpha8 8 84 0.0423 0.0000 0.0000 0.3470 0.0464 0 '0000000000' 0.0357
topBm25fTuneBoost_Hard2003_alpha8 8 87 0.4053 0.6000 0.7273 0.7005 0.3875 0 '2222220000' 1.0000
topBm25fTuneBoost_Hard2003_alpha8 8 99 0.1640 0.5000 0.5508 0.4621 0.3587 4 '222011----' 1.0000
topBm25fTuneBoost_Hard2003_alpha9 9 102 0.6885 1.0000 0.9351 0.8985 0.8755 0 '2222222211' 1.0000
topBm25fTuneBoost_Hard2003_alpha9 9 105 0.0801 0.3000 0.2686 0.4513 0.0864 0 '0020202000' 0.3333
topBm25fTuneBoost_Hard2003_alpha9 9 115 0.0000 0.0000 0.0000 0.0000 0.0000 8 '---0----0-' 0.0000
topBm25fTuneBoost_Hard2003_alpha9 9 116 0.4369 1.0000 0.8310 0.7285 0.6715 0 '2212121122' 1.0000
topBm25fTuneBoost_Hard2003_alpha9 9 117 0.0000 0.0000 0.0000 0.0000 0.0000 1 '000-000000' 0.0000
topBm25fTuneBoost_Hard2003_alpha9 9 124 0.1594 0.3000 0.2494 0.4860 0.1900 0 '0002200200' 0.2500
topBm25fTuneBoost_Hard2003_alpha9 9 146 0.1119 0.7000 0.5779 0.4151 0.3254 0 '1020202222' 1.0000
topBm25fTuneBoost_Hard2003_alpha9 9 147 0.3054 0.9000 0.9306 0.5823 0.5116 0 '2222222022' 1.0000
topBm25fTuneBoost_Hard2003_alpha9 9 154 0.0226 0.0000 0.0000 0.2203 0.0000 0 '0000000000' 0.0526
topBm25fTuneBoost_Hard2003_alpha9 9 155 0.0076 0.0000 0.0000 0.1550 0.0476 4 '0000--00--' 0.0400
topBm25fTuneBoost_Hard2003_alpha9 9 157 0.0439 0.6000 0.3481 0.0880 0.0971 2 '1110110--1' 1.0000
topBm25fTuneBoost_Hard2003_alpha9 9 171 0.3644 0.7000 0.6358 0.7087 0.6285 0 '2202111002' 1.0000
topBm25fTuneBoost_Hard2003_alpha9 9 176 0.0030 0.0000 0.0000 0.0654 0.0000 1 '000000000-' 0.0079
topBm25fTuneBoost_Hard2003_alpha9 9 177 0.0007 0.0000 0.0000 0.0235 0.0000 0 '0000000000' 0.0196
topBm25fTuneBoost_Hard2003_alpha9 9 180 0.4275 0.6000 0.5925 0.7371 0.5783 0 '2021200022' 1.0000
topBm25fTuneBoost_Hard2003_alpha9 9 182 0.0476 0.2000 0.1585 0.3262 0.0802 0 '0000202000' 0.2000
topBm25fTuneBoost_Hard2003_alpha9 9 186 0.0085 0.0000 0.0000 0.1833 0.0000 3 '000000--0-' 0.0079
topBm25fTuneBoost_Hard2003_alpha9 9 187 0.0155 0.1000 0.0734 0.1768 0.1348 3 '0--0-02000' 0.1429
topBm25fTuneBoost_Hard2003_alpha9 9 190 0.0829 0.1000 0.0663 0.3428 0.1316 0 '0000000020' 0.1111
topBm25fTuneBoost_Hard2003_alpha9 9 194 0.2178 0.5000 0.6332 0.5821 0.3800 0 '2222000200' 1.0000
topBm25fTuneBoost_Hard2003_alpha9 9 196 0.5139 1.0000 1.0000 0.7288 0.6344 0 '2222222222' 1.0000
topBm25fTuneBoost_Hard2003_alpha9 9 198 0.1367 0.2000 0.1737 0.4889 0.2626 2 '100-0-0002' 1.0000
topBm25fTuneBoost_Hard2003_alpha9 9 203 0.3159 0.7000 0.4767 0.6298 0.2867 0 '1201012110' 1.0000
topBm25fTuneBoost_Hard2003_alpha9 9 215 0.7347 0.7000 0.5527 0.8719 0.8475 0 '2100220111' 1.0000
topBm25fTuneBoost_Hard2003_alpha9 9 217 0.0638 0.0000 0.0000 0.3752 0.0000 0 '0000000000' 0.0476
topBm25fTuneBoost_Hard2003_alpha9 9 220 0.0101 0.0000 0.0000 0.1759 0.0228 1 '00000000-0' 0.0625
topBm25fTuneBoost_Hard2003_alpha9 9 222 0.1983 0.8000 0.6858 0.4660 0.4554 0 '2220111102' 1.0000
topBm25fTuneBoost_Hard2003_alpha9 9 223 0.1665 1.0000 0.8127 0.3607 0.3076 0 '1222122122' 1.0000
topBm25fTuneBoost_Hard2003_alpha9 9 226 0.1201 0.3000 0.2820 0.4799 0.1634 1 '1200000-10' 1.0000
topBm25fTuneBoost_Hard2003_alpha9 9 228 0.0000 0.0000 0.0000 0.0000 0.0000 1 '000000000-' 0.0000
topBm25fTuneBoost_Hard2003_alpha9 9 229 0.0444 0.6000 0.6754 0.1656 0.0689 0 '2220002202' 1.0000
topBm25fTuneBoost_Hard2003_alpha9 9 231 0.0478 0.1000 0.0694 0.2826 0.0387 0 '0000000100' 0.1250
topBm25fTuneBoost_Hard2003_alpha9 9 233 0.1614 0.6000 0.6364 0.5293 0.2665 0 '2022020202' 1.0000
topBm25fTuneBoost_Hard2003_alpha9 9 234 0.0873 0.7000 0.8007 0.3742 0.1340 1 '222222200-' 1.0000
topBm25fTuneBoost_Hard2003_alpha9 9 235 0.0153 0.1000 0.0851 0.1490 0.0533 0 '0000200000' 0.2000
topBm25fTuneBoost_Hard2003_alpha9 9 237 0.5633 1.0000 0.8205 0.8145 0.7991 0 '1122222222' 1.0000
topBm25fTuneBoost_Hard2003_alpha9 9 33 0.2466 1.0000 1.0000 0.4978 0.4246 0 '2222222222' 1.0000
topBm25fTuneBoost_Hard2003_alpha9 9 36 0.4581 0.8000 0.8669 0.7531 0.4763 0 '2222222020' 1.0000
topBm25fTuneBoost_Hard2003_alpha9 9 44 0.6228 0.8000 0.8512 0.9023 0.5430 0 '2222022220' 1.0000
topBm25fTuneBoost_Hard2003_alpha9 9 48 0.3933 0.9000 0.8782 0.6500 0.6294 1 '2222-21222' 1.0000
topBm25fTuneBoost_Hard2003_alpha9 9 51 0.3448 0.8000 0.8454 0.5772 0.5067 0 '2222022022' 1.0000
topBm25fTuneBoost_Hard2003_alpha9 9 53 0.4169 0.7000 0.7910 0.7852 0.4735 1 '2222220-02' 1.0000
topBm25fTuneBoost_Hard2003_alpha9 9 59 0.1882 0.1000 0.3026 0.5151 0.1667 0 '2000000000' 1.0000
topBm25fTuneBoost_Hard2003_alpha9 9 65 0.1483 1.0000 1.0000 0.4119 0.3481 0 '2222222222' 1.0000
topBm25fTuneBoost_Hard2003_alpha9 9 69 0.0714 0.4000 0.2661 0.2080 0.1911 0 '1101010000' 1.0000
topBm25fTuneBoost_Hard2003_alpha9 9 70 0.2619 0.6000 0.3781 0.4892 0.3560 0 '1000221110' 1.0000
topBm25fTuneBoost_Hard2003_alpha9 9 77 0.0165 0.1000 0.2201 0.1699 0.0668 0 '2000000000' 1.0000
topBm25fTuneBoost_Hard2003_alpha9 9 84 0.0384 0.0000 0.0000 0.3399 0.0373 0 '0000000000' 0.0769
topBm25fTuneBoost_Hard2003_alpha9 9 87 0.2545 0.4000 0.5200 0.6069 0.2595 0 '2202000020' 1.0000
topBm25fTuneBoost_Hard2003_alpha9 9 99 0.1151 0.5000 0.3281 0.3813 0.3150 4 '----220122' 0.2000
