schema alpha  QueryNum map p10 ndcg10 ndcg1000 bpref unjudged relString rr
topTuneBoost_Web_alpha0 0 201 0.0000 0.0000 0.1791 0.1403 0.0000 3 '0-11-1-001' 0.0000
topTuneBoost_Web_alpha0 0 202 0.0000 0.0000 0.0000 0.0000 0.0000 2 '00000000--' 0.0000
topTuneBoost_Web_alpha0 0 203 0.0000 0.0000 0.0694 0.0873 0.0000 7 '0-----03--' 0.0000
topTuneBoost_Web_alpha0 0 204 0.0000 0.0000 0.2066 0.1518 0.0000 2 '000120--12' 0.0000
topTuneBoost_Web_alpha0 0 205 0.0000 0.0000 0.1968 0.1494 0.0000 3 '011-1110--' 0.0000
topTuneBoost_Web_alpha0 0 206 0.0000 0.0000 0.0402 0.1422 0.0000 8 '---0---1--' 0.0000
topTuneBoost_Web_alpha0 0 207 0.0000 0.0000 0.0835 0.1315 0.0000 2 '00000111--' 0.0000
topTuneBoost_Web_alpha0 0 208 0.0000 0.0000 0.1598 0.1287 0.0000 0 '0010001012' 0.0000
topTuneBoost_Web_alpha0 0 209 0.0000 0.0000 0.0722 0.0655 0.0000 4 '00--2-0-00' 0.0000
topTuneBoost_Web_alpha0 0 210 0.0000 0.0000 0.0000 0.0720 0.0000 5 '00---00--0' 0.0000
topTuneBoost_Web_alpha0 0 211 0.0000 0.0000 0.2633 0.2183 0.0000 3 '010121-2--' 0.0000
topTuneBoost_Web_alpha0 0 212 0.0000 0.0000 0.0000 0.0579 0.0000 3 '00000-00--' 0.0000
topTuneBoost_Web_alpha0 0 213 0.0000 0.0000 0.0694 0.1460 0.0000 4 '0--000-20-' 0.0000
topTuneBoost_Web_alpha0 0 214 0.0000 0.0000 0.3981 0.2447 0.0000 3 '11-02-1-12' 0.0000
topTuneBoost_Web_alpha0 0 215 0.0000 0.0000 0.0945 0.2119 0.0000 2 '0-0001010-' 0.0000
topTuneBoost_Web_alpha0 0 216 0.0000 0.0000 0.2425 0.1793 0.0000 5 '12--11--1-' 0.0000
topTuneBoost_Web_alpha0 0 217 0.0000 0.0000 0.2583 0.1425 0.0000 2 '0--1121111' 0.0000
topTuneBoost_Web_alpha0 0 218 0.0000 0.0000 0.1526 0.1161 0.0000 3 '1-001-000-' 0.0000
topTuneBoost_Web_alpha0 0 219 0.0000 0.0000 0.0000 0.0313 0.0000 7 '-00----0--' 0.0000
topTuneBoost_Web_alpha0 0 220 0.0000 0.0000 0.0000 0.0223 0.0000 4 '000---0-00' 0.0000
topTuneBoost_Web_alpha0 0 221 0.0000 0.0000 0.1560 0.1720 0.0000 4 '1--11-0-00' 0.0000
topTuneBoost_Web_alpha0 0 222 0.0000 0.0000 0.2135 0.1858 0.0000 4 '1102-1---0' 0.0000
topTuneBoost_Web_alpha0 0 223 0.1482 0.2000 0.3770 0.2960 0.0000 0 '2011014400' 0.1429
topTuneBoost_Web_alpha0 0 224 0.0000 0.0000 0.2173 0.1437 0.0000 2 '020002--00' 0.0000
topTuneBoost_Web_alpha0 0 225 0.0000 0.0000 0.0000 0.0000 0.0000 5 '-00-00---0' 0.0000
topTuneBoost_Web_alpha0 0 226 0.0000 0.0000 0.0000 0.1396 0.0000 4 '--00-0-000' 0.0000
topTuneBoost_Web_alpha0 0 227 1.0000 0.2000 0.5746 0.3499 1.0000 2 '44310001--' 1.0000
topTuneBoost_Web_alpha0 0 228 0.0000 0.0000 0.0804 0.0973 0.0000 5 '00-2---00-' 0.0000
topTuneBoost_Web_alpha0 0 229 0.0000 0.0000 0.5549 0.2811 0.0000 1 '2020202-20' 0.0000
topTuneBoost_Web_alpha0 0 230 0.0000 0.0000 0.2214 0.1232 0.0000 4 '00-2-0-11-' 0.0000
topTuneBoost_Web_alpha0 0 231 0.0000 0.0000 0.0354 0.1652 0.0000 6 '000-1-----' 0.0000
topTuneBoost_Web_alpha0 0 232 0.0000 0.0000 0.7059 0.2811 0.0000 1 '111011100-' 0.0000
topTuneBoost_Web_alpha0 0 233 0.0000 0.0000 0.0000 0.0807 0.0000 0 '0000000000' 0.0000
topTuneBoost_Web_alpha0 0 234 0.0000 0.0000 0.2738 0.2008 0.0000 0 '0110100000' 0.0000
topTuneBoost_Web_alpha0 0 235 0.0000 0.0000 0.1067 0.0920 0.0000 6 '0.---2--0-' 0.0000
topTuneBoost_Web_alpha0 0 236 0.0000 0.0000 0.4450 0.2330 0.0000 3 '1110-0-11-' 0.0000
topTuneBoost_Web_alpha0 0 237 0.0000 0.0000 0.0000 0.0000 0.0000 2 '0-00000-00' 0.0000
topTuneBoost_Web_alpha0 0 238 0.0000 0.0000 0.1521 0.1269 0.0000 4 '010-0-0-2-' 0.0000
topTuneBoost_Web_alpha0 0 239 0.0000 0.0000 0.2244 0.1604 0.0000 1 '1000-10101' 0.0000
topTuneBoost_Web_alpha0 0 240 0.0000 0.0000 0.0000 0.0210 0.0000 7 '0-0-----0-' 0.0000
topTuneBoost_Web_alpha0 0 241 0.0000 0.0000 0.0000 0.0476 0.0000 8 '0-------0-' 0.0000
topTuneBoost_Web_alpha0 0 242 0.0000 0.0000 0.0000 0.0334 0.0000 3 '00000--0-0' 0.0000
topTuneBoost_Web_alpha0 0 243 0.0000 0.0000 0.0713 0.0680 0.0000 6 '010----0--' 0.0000
topTuneBoost_Web_alpha0 0 244 0.0000 0.0000 0.0884 0.1661 0.0000 4 '00-00---11' 0.0000
topTuneBoost_Web_alpha0 0 245 0.0000 0.0000 0.0000 0.0240 0.0000 5 '000-----00' 0.0000
topTuneBoost_Web_alpha0 0 246 0.0000 0.0000 0.0000 0.0387 0.0000 3 '00000-0-0-' 0.0000
topTuneBoost_Web_alpha0 0 247 0.0000 0.0000 0.0000 0.0195 0.0000 7 '0---0--0--' 0.0000
topTuneBoost_Web_alpha0 0 248 0.0000 0.0000 0.0000 0.0320 0.0000 3 '000-0-000-' 0.0000
topTuneBoost_Web_alpha0 0 249 0.0000 0.0000 0.0000 0.1012 0.0000 6 '0---00--0-' 0.0000
topTuneBoost_Web_alpha0 0 250 0.0000 0.0000 0.0353 0.0271 0.0000 4 '--0--00001' 0.0000
topTuneBoost_Web_alpha0 0 251 0.0000 0.0000 0.0000 0.0329 0.0000 9 '----0-----' 0.0000
topTuneBoost_Web_alpha0 0 252 0.0000 0.0000 0.2937 0.1169 0.0000 2 '1-111100-1' 0.0000
topTuneBoost_Web_alpha0 0 253 0.0000 0.0000 0.1766 0.0889 0.0000 3 '0210-1--01' 0.0000
topTuneBoost_Web_alpha0 0 254 0.0000 0.0000 0.0000 0.0103 0.0000 6 '00-00-----' 0.0000
topTuneBoost_Web_alpha0 0 255 0.0000 0.0000 0.0000 0.0237 0.0000 7 '.-----0--0' 0.0000
topTuneBoost_Web_alpha0 0 256 0.0000 0.0000 0.1925 0.1264 0.0000 7 '1-1--3----' 0.0000
topTuneBoost_Web_alpha0 0 257 0.0039 0.0000 0.1176 0.1276 0.0000 4 '0011----20' 0.0039
topTuneBoost_Web_alpha0 0 258 0.0000 0.0000 0.1026 0.0478 0.0000 7 '01------1-' 0.0000
topTuneBoost_Web_alpha0 0 259 0.0000 0.0000 0.4731 0.1463 0.0000 3 '-11111-11-' 0.0000
topTuneBoost_Web_alpha0 0 260 0.0000 0.0000 0.1083 0.0908 0.0000 8 '02--------' 0.0000
topTuneBoost_Web_alpha0 0 261 0.0000 0.0000 0.1498 0.1194 0.0000 8 '1-----0---' 0.0000
topTuneBoost_Web_alpha0 0 262 0.0000 0.0000 0.0402 0.0357 0.0000 9 '--------1-' 0.0000
topTuneBoost_Web_alpha0 0 263 0.0000 0.0000 0.0743 0.0685 0.0000 7 '01----0---' 0.0000
topTuneBoost_Web_alpha0 0 264 0.0000 0.0000 0.0550 0.0909 0.0000 8 '-01-------' 0.0000
topTuneBoost_Web_alpha0 0 265 0.0909 0.0000 0.2357 0.2887 0.0000 5 '03---20--0' 0.0909
topTuneBoost_Web_alpha0 0 266 0.9500 0.4000 0.6880 0.1716 1.0000 5 '444-43----' 1.0000
topTuneBoost_Web_alpha0 0 267 0.0000 0.0000 0.0221 0.0071 0.0000 8 '--.-----1-' 0.0000
topTuneBoost_Web_alpha0 0 268 0.0000 0.0000 0.0935 0.0296 0.0000 5 '-00-20-1--' 0.0000
topTuneBoost_Web_alpha0 0 269 0.0204 0.0000 0.0000 0.0388 0.0000 8 '0------0--' 0.0204
topTuneBoost_Web_alpha0 0 270 0.0000 0.0000 0.1177 0.1191 0.0000 5 '020-00----' 0.0000
topTuneBoost_Web_alpha0 0 271 0.0000 0.0000 0.0534 0.0446 0.0000 6 '0-0--1---0' 0.0000
topTuneBoost_Web_alpha0 0 272 0.0000 0.0000 0.1706 0.0821 0.0000 7 '11---1----' 0.0000
topTuneBoost_Web_alpha0 0 273 0.3111 0.3000 0.3645 0.2766 0.3600 3 '-04340-04-' 0.3333
topTuneBoost_Web_alpha0 0 274 0.0000 0.0000 0.0524 0.0488 0.0000 6 '---0-011--' 0.0000
topTuneBoost_Web_alpha0 0 275 0.0000 0.0000 0.0000 0.0000 0.0000 6 '0--0-0---0' 0.0000
topTuneBoost_Web_alpha0 0 276 0.0000 0.0000 0.0707 0.0518 0.0000 8 '-1----1---' 0.0000
topTuneBoost_Web_alpha0 0 277 0.0000 0.0000 0.0000 0.0047 0.0000 8 '0-0-------' 0.0000
topTuneBoost_Web_alpha0 0 278 0.0000 0.0000 0.0000 0.0000 0.0000 8 '--0--0----' 0.0000
topTuneBoost_Web_alpha0 0 279 0.0000 0.0000 0.1076 0.0687 0.0000 4 '0020--1--0' 0.0000
topTuneBoost_Web_alpha0 0 280 0.0000 0.0000 0.1290 0.0698 0.0000 5 '000---3-1-' 0.0000
topTuneBoost_Web_alpha0 0 281 0.0000 0.0000 0.0841 0.0698 0.0000 6 '---1-01-0-' 0.0000
topTuneBoost_Web_alpha0 0 282 0.0000 0.0000 0.3156 0.1164 0.0000 5 '01-11---1-' 0.0000
topTuneBoost_Web_alpha0 0 283 0.0000 0.0000 0.2613 0.1432 0.0000 5 '2111----0-' 0.0000
topTuneBoost_Web_alpha0 0 284 0.0000 0.0000 0.4435 0.1627 0.0000 4 '21-3132---' 0.0000
topTuneBoost_Web_alpha0 0 285 0.1250 0.1000 0.4463 0.1100 0.0000 3 '22112--41-' 0.1250
topTuneBoost_Web_alpha0 0 286 0.0000 0.0000 0.1311 0.0590 0.0000 7 '1-----0--2' 0.0000
topTuneBoost_Web_alpha0 0 287 0.0000 0.0000 0.0560 0.0277 0.0000 8 '--0--2----' 0.0000
topTuneBoost_Web_alpha0 0 288 0.0000 0.0000 0.2341 0.0963 0.0000 6 '1012------' 0.0000
topTuneBoost_Web_alpha0 0 289 0.0000 0.0000 0.0000 0.0167 0.0000 8 '-0---0----' 0.0000
topTuneBoost_Web_alpha0 0 290 0.0000 0.0000 0.1389 0.0689 0.0000 6 '010----0--' 0.0000
topTuneBoost_Web_alpha0 0 291 0.0000 0.0000 0.0364 0.0280 0.0000 6 '000--1----' 0.0000
topTuneBoost_Web_alpha0 0 292 0.0000 0.0000 0.1717 0.0796 0.0000 8 '1-2-------' 0.0000
topTuneBoost_Web_alpha0 0 293 0.0000 0.0000 0.0750 0.0363 0.0000 9 '--2-------' 0.0000
topTuneBoost_Web_alpha0 0 294 0.0000 0.0000 0.0663 0.0246 0.0000 7 '---0--0-2-' 0.0000
topTuneBoost_Web_alpha0 0 295 0.0000 0.0000 0.4393 0.1608 0.0000 2 '211200-0-0' 0.0000
topTuneBoost_Web_alpha0 0 296 0.0000 0.0000 0.2149 0.0776 0.0000 6 '11-1-----3' 0.0000
topTuneBoost_Web_alpha0 0 297 0.0000 0.0000 0.2989 0.0814 0.0000 6 '1----1--10' 0.0000
topTuneBoost_Web_alpha0 0 298 0.0185 0.0000 0.0930 0.1246 0.3225 7 '--2--11---' 0.0385
topTuneBoost_Web_alpha0 0 299 0.0000 0.0000 0.0000 0.0000 0.0000 10 '----------' 0.0000
topTuneBoost_Web_alpha0 0 300 0.0000 0.0000 0.0000 0.0058 0.0000 8 '--00------' 0.0000
topTuneBoost_Web_alpha1 1 201 0.0000 0.0000 0.2185 0.1466 0.0000 2 '0-111001-1' 0.0000
topTuneBoost_Web_alpha1 1 202 0.0000 0.0000 0.0000 0.0000 0.0000 2 '00000000--' 0.0000
topTuneBoost_Web_alpha1 1 203 0.0000 0.0000 0.1389 0.1061 0.0000 7 '030-------' 0.0000
topTuneBoost_Web_alpha1 1 204 0.0000 0.0000 0.1340 0.1528 0.0000 2 '00002--002' 0.0000
topTuneBoost_Web_alpha1 1 205 0.0000 0.0000 0.1803 0.1423 0.0000 2 '010-1111-0' 0.0000
topTuneBoost_Web_alpha1 1 206 0.0000 0.0000 0.0454 0.1441 0.0000 8 '-0---1----' 0.0000
topTuneBoost_Web_alpha1 1 207 0.0000 0.0000 0.0860 0.1344 0.0000 0 '0000101100' 0.0000
topTuneBoost_Web_alpha1 1 208 0.0000 0.0000 0.1769 0.1385 0.0000 0 '0100001210' 0.0000
topTuneBoost_Web_alpha1 1 209 0.0000 0.0000 0.0933 0.0847 0.0000 3 '--20-00000' 0.0000
topTuneBoost_Web_alpha1 1 210 0.0000 0.0000 0.0843 0.0958 0.0000 1 '0000200-00' 0.0000
topTuneBoost_Web_alpha1 1 211 0.0000 0.0000 0.2660 0.2242 0.0000 2 '011021--11' 0.0000
topTuneBoost_Web_alpha1 1 212 0.0000 0.0000 0.0000 0.0586 0.0000 3 '00000--00-' 0.0000
topTuneBoost_Web_alpha1 1 213 0.0000 0.0000 0.1389 0.1720 0.0000 3 '02--000-00' 0.0000
topTuneBoost_Web_alpha1 1 214 0.0000 0.0000 0.4118 0.2527 0.0000 3 '11-1-2201-' 0.0000
topTuneBoost_Web_alpha1 1 215 0.0000 0.0000 0.2136 0.2580 0.0000 1 '011-100000' 0.0000
topTuneBoost_Web_alpha1 1 216 0.0000 0.0000 0.2718 0.1797 0.0000 4 '1-21-1-12-' 0.0000
topTuneBoost_Web_alpha1 1 217 0.0000 0.0000 0.3520 0.1746 0.0000 2 '1101112-1-' 0.0000
topTuneBoost_Web_alpha1 1 218 0.0000 0.0000 0.1574 0.1200 0.0000 2 '100100--00' 0.0000
topTuneBoost_Web_alpha1 1 219 0.0000 0.0000 0.0000 0.0286 0.0000 6 '00----0-0-' 0.0000
topTuneBoost_Web_alpha1 1 220 0.0000 0.0000 0.0000 0.0225 0.0000 4 '000---0-00' 0.0000
topTuneBoost_Web_alpha1 1 221 0.0000 0.0000 0.2263 0.1794 0.0000 3 '11--01110-' 0.0000
topTuneBoost_Web_alpha1 1 222 0.0000 0.0000 0.2823 0.1924 0.0000 2 '1102-1012-' 0.0000
topTuneBoost_Web_alpha1 1 223 0.1802 0.2000 0.3997 0.3045 0.0000 0 '2011441000' 0.2000
topTuneBoost_Web_alpha1 1 224 0.0000 0.0000 0.2504 0.1461 0.0000 1 '020002001-' 0.0000
topTuneBoost_Web_alpha1 1 225 0.0000 0.0000 0.0000 0.0000 0.0000 4 '-0000-0--0' 0.0000
topTuneBoost_Web_alpha1 1 226 0.0000 0.0000 0.0474 0.1502 0.0000 1 '000100000-' 0.0000
topTuneBoost_Web_alpha1 1 227 1.0000 0.2000 0.5646 0.3493 1.0000 2 '441300-01-' 1.0000
topTuneBoost_Web_alpha1 1 228 0.0000 0.0000 0.0933 0.1085 0.0000 5 '002---0-0-' 0.0000
topTuneBoost_Web_alpha1 1 229 0.0000 0.0000 0.5677 0.2866 0.0000 1 '202200220-' 0.0000
topTuneBoost_Web_alpha1 1 230 0.0000 0.0000 0.2863 0.1575 0.0000 3 '0200--110-' 0.0000
topTuneBoost_Web_alpha1 1 231 0.0000 0.0000 0.0670 0.1903 0.0000 5 '0001----1-' 0.0000
topTuneBoost_Web_alpha1 1 232 0.0000 0.0000 0.7156 0.2847 0.0000 1 '111101100-' 0.0000
topTuneBoost_Web_alpha1 1 233 0.0000 0.0000 0.1620 0.1283 0.0000 1 '100-000000' 0.0000
topTuneBoost_Web_alpha1 1 234 0.0000 0.0000 0.2817 0.2065 0.0000 1 '01110-0000' 0.0000
topTuneBoost_Web_alpha1 1 235 0.0000 0.0000 0.1159 0.0999 0.0000 5 '0.--2-0-0-' 0.0000
topTuneBoost_Web_alpha1 1 236 0.0000 0.0000 0.4970 0.2380 0.0000 2 '1110--1101' 0.0000
topTuneBoost_Web_alpha1 1 237 0.0000 0.0000 0.0000 0.0000 0.0000 2 '00-0000-00' 0.0000
topTuneBoost_Web_alpha1 1 238 0.0000 0.0000 0.2198 0.1482 0.0000 3 '01020-0--1' 0.0000
topTuneBoost_Web_alpha1 1 239 0.0000 0.0000 0.1723 0.1435 0.0000 1 '0010-11100' 0.0000
topTuneBoost_Web_alpha1 1 240 0.0000 0.0000 0.0000 0.0240 0.0000 7 '0-0----0--' 0.0000
topTuneBoost_Web_alpha1 1 241 0.0000 0.0000 0.0345 0.0686 0.0000 6 '-0--100---' 0.0000
topTuneBoost_Web_alpha1 1 242 0.0000 0.0000 0.0000 0.0344 0.0000 2 '0000--0000' 0.0000
topTuneBoost_Web_alpha1 1 243 0.0000 0.0000 0.0713 0.0690 0.0000 5 '0100-----0' 0.0000
topTuneBoost_Web_alpha1 1 244 0.0000 0.0000 0.0924 0.1710 0.0000 3 '-000-0-110' 0.0000
topTuneBoost_Web_alpha1 1 245 0.0000 0.0000 0.0000 0.0245 0.0000 4 '000---0-00' 0.0000
topTuneBoost_Web_alpha1 1 246 0.0000 0.0000 0.0517 0.0431 0.0000 2 '0000000-2-' 0.0000
topTuneBoost_Web_alpha1 1 247 0.0000 0.0000 0.0000 0.0255 0.0000 7 '-0--0-0---' 0.0000
topTuneBoost_Web_alpha1 1 248 0.0000 0.0000 0.0000 0.0346 0.0000 2 '000-0-0000' 0.0000
topTuneBoost_Web_alpha1 1 249 0.0000 0.0000 0.0000 0.1116 0.0000 5 '0-0----000' 0.0000
topTuneBoost_Web_alpha1 1 250 0.0000 0.0000 0.0386 0.0295 0.0000 4 '---0-00100' 0.0000
topTuneBoost_Web_alpha1 1 251 0.0000 0.0000 0.0000 0.0335 0.0000 9 '-----0----' 0.0000
topTuneBoost_Web_alpha1 1 252 0.0000 0.0000 0.2651 0.1163 0.0000 3 '1-111100--' 0.0000
topTuneBoost_Web_alpha1 1 253 0.0000 0.0000 0.2340 0.1033 0.0000 3 '2010-11-0-' 0.0000
topTuneBoost_Web_alpha1 1 254 0.0000 0.0000 0.0000 0.0103 0.0000 6 '00-0-0----' 0.0000
topTuneBoost_Web_alpha1 1 255 0.0000 0.0000 0.0000 0.0279 0.0000 6 '.-00----0-' 0.0000
topTuneBoost_Web_alpha1 1 256 0.0000 0.0000 0.2240 0.1318 0.0000 6 '11---3---1' 0.0000
topTuneBoost_Web_alpha1 1 257 0.0043 0.0000 0.1773 0.1337 0.0000 3 '0110---022' 0.0043
topTuneBoost_Web_alpha1 1 258 0.0000 0.0000 0.1026 0.0475 0.0000 7 '01------1-' 0.0000
topTuneBoost_Web_alpha1 1 259 0.0000 0.0000 0.5199 0.1697 0.0000 4 '1111--11--' 0.0000
topTuneBoost_Web_alpha1 1 260 0.0000 0.0000 0.0858 0.0748 0.0000 8 '0-2-------' 0.0000
topTuneBoost_Web_alpha1 1 261 0.0000 0.0000 0.0645 0.0590 0.0000 6 '---10-00--' 0.0000
topTuneBoost_Web_alpha1 1 262 0.0000 0.0000 0.0475 0.0357 0.0000 9 '-----1----' 0.0000
topTuneBoost_Web_alpha1 1 263 0.0000 0.0000 0.1548 0.0835 0.0000 5 '10---0-1-0' 0.0000
topTuneBoost_Web_alpha1 1 264 0.0000 0.0000 0.0550 0.0922 0.0000 8 '0-1-------' 0.0000
topTuneBoost_Web_alpha1 1 265 0.0909 0.0000 0.2412 0.2923 0.0000 5 '03--20-0--' 0.0909
topTuneBoost_Web_alpha1 1 266 0.8542 0.4000 0.6689 0.1699 0.9375 5 '44-434----' 1.0000
topTuneBoost_Web_alpha1 1 267 0.0000 0.0000 0.0212 0.0068 0.0000 8 '---.-----1' 0.0000
topTuneBoost_Web_alpha1 1 268 0.0000 0.0000 0.2146 0.0633 0.0000 5 '2-10--0-0-' 0.0000
topTuneBoost_Web_alpha1 1 269 0.0294 0.0000 0.0000 0.0427 0.0000 9 '0---------' 0.0294
topTuneBoost_Web_alpha1 1 270 0.0000 0.0000 0.1177 0.1166 0.0000 7 '02-0------' 0.0000
topTuneBoost_Web_alpha1 1 271 0.0000 0.0000 0.0645 0.0539 0.0000 7 '-001------' 0.0000
topTuneBoost_Web_alpha1 1 272 0.0000 0.0000 0.1706 0.0899 0.0000 6 '11---1--0-' 0.0000
topTuneBoost_Web_alpha1 1 273 0.3289 0.3000 0.3680 0.2810 0.4000 3 '-04340-40-' 0.3333
topTuneBoost_Web_alpha1 1 274 0.0000 0.0000 0.0691 0.0548 0.0000 6 '-01--1-0--' 0.0000
topTuneBoost_Web_alpha1 1 275 0.0000 0.0000 0.0000 0.0000 0.0000 6 '0--0-0--0-' 0.0000
topTuneBoost_Web_alpha1 1 276 0.0000 0.0000 0.0694 0.0518 0.0000 8 '-1-----1--' 0.0000
topTuneBoost_Web_alpha1 1 277 0.0000 0.0000 0.0000 0.0047 0.0000 8 '0--0------' 0.0000
topTuneBoost_Web_alpha1 1 278 0.0000 0.0000 0.0000 0.0000 0.0000 8 '--0---0---' 0.0000
topTuneBoost_Web_alpha1 1 279 0.0000 0.0000 0.2181 0.1067 0.0000 4 '20-010-1--' 0.0000
topTuneBoost_Web_alpha1 1 280 0.0000 0.0000 0.1225 0.0698 0.0000 5 '000----3-1' 0.0000
topTuneBoost_Web_alpha1 1 281 0.0000 0.0000 0.1041 0.0770 0.0000 6 '-1-0---10-' 0.0000
topTuneBoost_Web_alpha1 1 282 0.0000 0.0000 0.3281 0.1217 0.0000 5 '011-1---1-' 0.0000
topTuneBoost_Web_alpha1 1 283 0.0000 0.0000 0.2613 0.1432 0.0000 5 '2111----0-' 0.0000
topTuneBoost_Web_alpha1 1 284 0.0000 0.0000 0.4480 0.1629 0.0000 4 '21-3312---' 0.0000
topTuneBoost_Web_alpha1 1 285 0.1429 0.1000 0.4461 0.1108 0.0000 3 '221-214-1-' 0.1429
topTuneBoost_Web_alpha1 1 286 0.0000 0.0000 0.1311 0.0586 0.0000 7 '1-----0--2' 0.0000
topTuneBoost_Web_alpha1 1 287 0.0000 0.0000 0.0560 0.0277 0.0000 8 '-0---2----' 0.0000
topTuneBoost_Web_alpha1 1 288 0.0000 0.0000 0.1947 0.0864 0.0000 6 '012---1---' 0.0000
topTuneBoost_Web_alpha1 1 289 0.0000 0.0000 0.0000 0.0174 0.0000 8 '-0---0----' 0.0000
topTuneBoost_Web_alpha1 1 290 0.0000 0.0000 0.0948 0.0470 0.0000 5 '0-01---0-0' 0.0000
topTuneBoost_Web_alpha1 1 291 0.0000 0.0000 0.0340 0.0262 0.0000 6 '000---1---' 0.0000
topTuneBoost_Web_alpha1 1 292 0.0000 0.0000 0.1717 0.0820 0.0000 8 '1-2-------' 0.0000
topTuneBoost_Web_alpha1 1 293 0.0000 0.0000 0.0750 0.0361 0.0000 9 '--2-------' 0.0000
topTuneBoost_Web_alpha1 1 294 0.0000 0.0000 0.0000 0.0228 0.0000 8 '0---0-----' 0.0000
topTuneBoost_Web_alpha1 1 295 0.0000 0.0000 0.4393 0.1608 0.0000 3 '211200--0-' 0.0000
topTuneBoost_Web_alpha1 1 296 0.0000 0.0000 0.2297 0.0820 0.0000 6 '111---3---' 0.0000
topTuneBoost_Web_alpha1 1 297 0.0000 0.0000 0.2615 0.0677 0.0000 6 '--1---111-' 0.0000
topTuneBoost_Web_alpha1 1 298 0.0195 0.0000 0.0946 0.1325 0.3500 7 '--2-1-1---' 0.0400
topTuneBoost_Web_alpha1 1 299 0.0000 0.0000 0.0000 0.0000 0.0000 10 '----------' 0.0000
topTuneBoost_Web_alpha1 1 300 0.0000 0.0000 0.0000 0.0000 0.0000 8 '-0---0----' 0.0000
topTuneBoost_Web_alpha10 10 201 0.0000 0.0000 0.0687 0.1121 0.0000 4 '-00-0--101' 0.0000
topTuneBoost_Web_alpha10 10 202 0.1429 0.1000 0.3333 0.3333 0.0000 1 '000000400-' 0.1429
topTuneBoost_Web_alpha10 10 203 0.0000 0.0000 0.3299 0.1439 0.0000 6 '23-----1-1' 0.0000
topTuneBoost_Web_alpha10 10 204 0.0000 0.0000 0.1182 0.1079 0.0000 5 '-----00031' 0.0000
topTuneBoost_Web_alpha10 10 205 0.0000 0.0000 0.0000 0.0000 0.0000 10 '----------' 0.0000
topTuneBoost_Web_alpha10 10 206 0.0000 0.0000 0.0000 0.0656 0.0000 8 '-0-------0' 0.0000
topTuneBoost_Web_alpha10 10 207 0.0000 0.0000 0.1179 0.0806 0.0000 4 '-0--21-001' 0.0000
topTuneBoost_Web_alpha10 10 208 0.0000 0.0000 0.2724 0.1829 0.0000 1 '2100-00001' 0.0000
topTuneBoost_Web_alpha10 10 209 0.0000 0.0000 0.0000 0.0233 0.0000 5 '-000-0-0--' 0.0000
topTuneBoost_Web_alpha10 10 210 0.0000 0.0000 0.0000 0.0825 0.0000 4 '00----0000' 0.0000
topTuneBoost_Web_alpha10 10 211 0.0000 0.0000 0.0332 0.0682 0.0000 9 '-----1----' 0.0000
topTuneBoost_Web_alpha10 10 212 0.0000 0.0000 0.0000 0.0215 0.0000 7 '-0--0----0' 0.0000
topTuneBoost_Web_alpha10 10 213 0.0000 0.0000 0.1402 0.1640 0.0000 7 '-01-2-----' 0.0000
topTuneBoost_Web_alpha10 10 214 0.0000 0.0000 0.2899 0.1765 0.0000 5 '11--1--11-' 0.0000
topTuneBoost_Web_alpha10 10 215 0.0000 0.0000 0.2323 0.2314 0.0000 6 '--111-1---' 0.0000
topTuneBoost_Web_alpha10 10 216 0.0000 0.0000 0.2968 0.1305 0.0000 4 '112-12-1--' 0.0000
topTuneBoost_Web_alpha10 10 217 0.0000 0.0000 0.3512 0.1499 0.0000 5 '21-11--1--' 0.0000
topTuneBoost_Web_alpha10 10 218 0.0000 0.0000 0.1918 0.1108 0.0000 5 '1-0-110---' 0.0000
topTuneBoost_Web_alpha10 10 219 0.0000 0.0000 0.0000 0.0058 0.0000 8 '------0-0-' 0.0000
topTuneBoost_Web_alpha10 10 220 0.0000 0.0000 0.0000 0.0435 0.0000 7 '-00-0-----' 0.0000
topTuneBoost_Web_alpha10 10 221 0.0000 0.0000 0.0542 0.0762 0.0000 8 '-1--0-----' 0.0000
topTuneBoost_Web_alpha10 10 222 0.0000 0.0000 0.1306 0.1736 0.0000 3 '10-011-00-' 0.0000
topTuneBoost_Web_alpha10 10 223 0.1763 0.2000 0.3850 0.2224 0.1250 2 '10421410--' 0.3333
topTuneBoost_Web_alpha10 10 224 0.0000 0.0000 0.1100 0.0872 0.0000 8 '--2------0' 0.0000
topTuneBoost_Web_alpha10 10 225 0.0000 0.0000 0.0000 0.0000 0.0000 9 '0---------' 0.0000
topTuneBoost_Web_alpha10 10 226 0.0000 0.0000 0.0000 0.0925 0.0000 6 '0-0-00----' 0.0000
topTuneBoost_Web_alpha10 10 227 0.2557 0.1000 0.4200 0.2434 0.2500 4 '14301-3---' 0.5000
topTuneBoost_Web_alpha10 10 228 0.0000 0.0000 0.0589 0.0751 0.0000 7 '010-------' 0.0000
topTuneBoost_Web_alpha10 10 229 0.0000 0.0000 0.6274 0.3151 0.0000 2 '22220-00-2' 0.0000
topTuneBoost_Web_alpha10 10 230 0.0000 0.0000 0.2616 0.1487 0.0000 5 '1-01-0-1--' 0.0000
topTuneBoost_Web_alpha10 10 231 0.0000 0.0000 0.2268 0.2060 0.0000 5 '1-1--11--1' 0.0000
topTuneBoost_Web_alpha10 10 232 0.0000 0.0000 0.0000 0.0307 0.0000 7 '-00-0-----' 0.0000
topTuneBoost_Web_alpha10 10 233 0.0000 0.0000 0.3962 0.1750 0.0000 6 '111----1--' 0.0000
topTuneBoost_Web_alpha10 10 234 0.0000 0.0000 0.4630 0.1351 0.0000 3 '0111-111--' 0.0000
topTuneBoost_Web_alpha10 10 235 0.0000 0.0000 0.1067 0.0920 0.0000 6 '---0-200--' 0.0000
topTuneBoost_Web_alpha10 10 236 0.0000 0.0000 0.2944 0.1726 0.0000 6 '1-011-----' 0.0000
topTuneBoost_Web_alpha10 10 237 0.0000 0.0000 0.0000 0.0000 0.0000 8 '0-0-------' 0.0000
topTuneBoost_Web_alpha10 10 238 0.0000 0.0000 0.1234 0.1246 0.0000 8 '10--------' 0.0000
topTuneBoost_Web_alpha10 10 239 0.0000 0.0000 0.3340 0.1678 0.0000 4 '111101----' 0.0000
topTuneBoost_Web_alpha10 10 240 0.0000 0.0000 0.0000 0.0237 0.0000 10 '----------' 0.0000
topTuneBoost_Web_alpha10 10 241 0.0000 0.0000 0.0000 0.0373 0.0000 10 '----------' 0.0000
topTuneBoost_Web_alpha10 10 242 0.0000 0.0000 0.0000 0.0341 0.0000 4 '00---000-0' 0.0000
topTuneBoost_Web_alpha10 10 243 0.0000 0.0000 0.1527 0.1019 0.0000 2 '01001-1-.0' 0.0000
topTuneBoost_Web_alpha10 10 244 0.0000 0.0000 0.0884 0.1177 0.0000 6 '-0-----011' 0.0000
topTuneBoost_Web_alpha10 10 245 0.0000 0.0000 0.0000 0.0000 0.0000 7 '00-------0' 0.0000
topTuneBoost_Web_alpha10 10 246 0.0000 0.0000 0.1717 0.0875 0.0000 9 '2---------' 0.0000
topTuneBoost_Web_alpha10 10 247 0.0000 0.0000 0.0000 0.0269 0.0000 8 '0-0-------' 0.0000
topTuneBoost_Web_alpha10 10 248 0.0000 0.0000 0.0496 0.0448 0.0000 9 '---------2' 0.0000
topTuneBoost_Web_alpha10 10 249 0.0000 0.0000 0.0474 0.1080 0.0000 9 '---1------' 0.0000
topTuneBoost_Web_alpha10 10 250 0.0000 0.0000 0.0000 0.0195 0.0000 9 '0---------' 0.0000
topTuneBoost_Web_alpha10 10 251 0.0000 0.0000 0.0694 0.0357 0.0000 9 '-1--------' 0.0000
topTuneBoost_Web_alpha10 10 252 0.0000 0.0000 0.0000 0.0159 0.0000 10 '----------' 0.0000
topTuneBoost_Web_alpha10 10 253 0.0000 0.0000 0.1326 0.0652 0.0000 5 '-11-1--0-1' 0.0000
topTuneBoost_Web_alpha10 10 254 0.0000 0.0000 0.0000 0.0000 0.0000 9 '0---------' 0.0000
topTuneBoost_Web_alpha10 10 255 0.0000 0.0000 0.0000 0.0335 0.0000 9 '0---------' 0.0000
topTuneBoost_Web_alpha10 10 256 0.0000 0.0000 0.0236 0.0291 0.0000 9 '-------1--' 0.0000
topTuneBoost_Web_alpha10 10 257 1.0000 0.1000 0.4342 0.1915 1.0000 7 '4-1-3-----' 1.0000
topTuneBoost_Web_alpha10 10 258 0.0000 0.0000 0.0347 0.0135 0.0000 7 '---0--01--' 0.0000
topTuneBoost_Web_alpha10 10 259 0.0000 0.0000 0.1835 0.0816 0.0000 4 '-0011-01--' 0.0000
topTuneBoost_Web_alpha10 10 260 0.0000 0.0000 0.0000 0.0000 0.0000 9 '---0------' 0.0000
topTuneBoost_Web_alpha10 10 261 0.0000 0.0000 0.0000 0.0132 0.0000 9 '-----0----' 0.0000
topTuneBoost_Web_alpha10 10 262 0.0000 0.0000 0.0000 0.0111 0.0000 10 '----------' 0.0000
topTuneBoost_Web_alpha10 10 263 0.0000 0.0000 0.1014 0.0407 0.0000 8 '-0-2------' 0.0000
topTuneBoost_Web_alpha10 10 264 0.0000 0.0000 0.0000 0.0000 0.0000 8 '.---0-----' 0.0000
topTuneBoost_Web_alpha10 10 265 0.3333 0.1000 0.1809 0.1631 0.0000 6 '0040------' 0.3333
topTuneBoost_Web_alpha10 10 266 0.0731 0.0000 0.0000 0.0679 0.7500 10 '----------' 0.0588
topTuneBoost_Web_alpha10 10 267 0.0000 0.0000 0.0000 0.0000 0.0000 10 '----------' 0.0000
topTuneBoost_Web_alpha10 10 268 0.0000 0.0000 0.2023 0.0557 0.0000 6 '2-0--1---0' 0.0000
topTuneBoost_Web_alpha10 10 269 1.0000 0.1000 0.2914 0.2188 1.0000 5 '4-00-00---' 1.0000
topTuneBoost_Web_alpha10 10 270 0.0000 0.0000 0.0000 0.0407 0.0000 10 '----------' 0.0000
topTuneBoost_Web_alpha10 10 271 0.0000 0.0000 0.0000 0.0000 0.0000 9 '0---------' 0.0000
topTuneBoost_Web_alpha10 10 272 0.0000 0.0000 0.2381 0.0897 0.0000 5 '1101-2----' 0.0000
topTuneBoost_Web_alpha10 10 273 0.3612 0.3000 0.4091 0.2800 0.4800 4 '0430-44---' 0.5000
topTuneBoost_Web_alpha10 10 274 0.0000 0.0000 0.0233 0.0278 0.0000 9 '---------1' 0.0000
topTuneBoost_Web_alpha10 10 275 0.0000 0.0000 0.0000 0.0000 0.0000 7 '0-0-----0-' 0.0000
topTuneBoost_Web_alpha10 10 276 0.0000 0.0000 0.0000 0.0048 0.0000 10 '----------' 0.0000
topTuneBoost_Web_alpha10 10 277 0.0000 0.0000 0.0000 0.0000 0.0000 9 '0---------' 0.0000
topTuneBoost_Web_alpha10 10 278 0.0000 0.0000 0.0000 0.0000 0.0000 9 '-0--------' 0.0000
topTuneBoost_Web_alpha10 10 279 0.0000 0.0000 0.0538 0.0441 0.0000 9 '------2---' 0.0000
topTuneBoost_Web_alpha10 10 280 0.0000 0.0000 0.0000 0.0234 0.0000 10 '----------' 0.0000
topTuneBoost_Web_alpha10 10 281 0.0000 0.0000 0.0550 0.0485 0.0000 9 '--1-------' 0.0000
topTuneBoost_Web_alpha10 10 282 0.0000 0.0000 0.0698 0.0291 0.0000 8 '---01-----' 0.0000
topTuneBoost_Web_alpha10 10 283 0.0000 0.0000 0.0000 0.0178 0.0000 10 '----------' 0.0000
topTuneBoost_Web_alpha10 10 284 0.0000 0.0000 0.1996 0.0914 0.0000 7 '2---1-1---' 0.0000
topTuneBoost_Web_alpha10 10 285 0.0065 0.0000 0.1367 0.0489 0.0000 9 '2---------' 0.0065
topTuneBoost_Web_alpha10 10 286 0.0000 0.0000 0.0643 0.0236 0.0000 9 '----2-----' 0.0000
topTuneBoost_Web_alpha10 10 287 0.0000 0.0000 0.0000 0.0000 0.0000 8 '0-0-------' 0.0000
topTuneBoost_Web_alpha10 10 288 0.0000 0.0000 0.0313 0.0185 0.0000 9 '-------1--' 0.0000
topTuneBoost_Web_alpha10 10 289 0.0000 0.0000 0.0000 0.0150 0.0000 7 '---00--0--' 0.0000
topTuneBoost_Web_alpha10 10 290 0.0000 0.0000 0.0000 0.0000 0.0000 7 '--00-----0' 0.0000
topTuneBoost_Web_alpha10 10 291 0.0000 0.0000 0.0000 0.0000 0.0000 7 '-------000' 0.0000
topTuneBoost_Web_alpha10 10 292 0.0000 0.0000 0.0000 0.0449 0.0000 10 '----------' 0.0000
topTuneBoost_Web_alpha10 10 293 0.0000 0.0000 0.0000 0.0044 0.0000 9 '0---------' 0.0000
topTuneBoost_Web_alpha10 10 294 0.0000 0.0000 0.0000 0.0153 0.0000 8 '----00----' 0.0000
topTuneBoost_Web_alpha10 10 295 0.0000 0.0000 0.3575 0.1214 0.0000 6 '1-221-----' 0.0000
topTuneBoost_Web_alpha10 10 296 0.0000 0.0000 0.0000 0.0084 0.0000 6 '..-----0-0' 0.0000
topTuneBoost_Web_alpha10 10 297 0.0000 0.0000 0.1804 0.0511 0.0000 8 '10--------' 0.0000
topTuneBoost_Web_alpha10 10 298 0.0028 0.0000 0.0000 0.0385 0.1775 10 '----------' 0.0084
topTuneBoost_Web_alpha10 10 299 0.0000 0.0000 0.0000 0.0000 0.0000 10 '----------' 0.0000
topTuneBoost_Web_alpha10 10 300 0.0000 0.0000 0.0454 0.0195 0.0000 9 '-----1----' 0.0000
topTuneBoost_Web_alpha2 2 201 0.0000 0.0000 0.2006 0.1515 0.0000 1 '01100-1010' 0.0000
topTuneBoost_Web_alpha2 2 202 0.0000 0.0000 0.0000 0.0000 0.0000 1 '00000000-0' 0.0000
topTuneBoost_Web_alpha2 2 203 0.0000 0.0000 0.2625 0.1311 0.0000 6 '300------2' 0.0000
topTuneBoost_Web_alpha2 2 204 0.0000 0.0000 0.1054 0.1532 0.0000 2 '00002-00-1' 0.0000
topTuneBoost_Web_alpha2 2 205 0.0000 0.0000 0.1686 0.1366 0.0000 2 '001-11110-' 0.0000
topTuneBoost_Web_alpha2 2 206 0.0000 0.0000 0.0493 0.1354 0.0000 8 '-0--1-----' 0.0000
topTuneBoost_Web_alpha2 2 207 0.0000 0.0000 0.0562 0.1312 0.0000 0 '0000100001' 0.0000
topTuneBoost_Web_alpha2 2 208 0.0000 0.0000 0.2102 0.1568 0.0000 0 '1000001201' 0.0000
topTuneBoost_Web_alpha2 2 209 0.0000 0.0000 0.0722 0.0655 0.0000 3 '--002-0000' 0.0000
topTuneBoost_Web_alpha2 2 210 0.0000 0.0000 0.0776 0.0943 0.0000 0 '0000020000' 0.0000
topTuneBoost_Web_alpha2 2 211 0.0000 0.0000 0.3038 0.2279 0.0000 1 '012-101111' 0.0000
topTuneBoost_Web_alpha2 2 212 0.0000 0.0000 0.0000 0.0580 0.0000 4 '00-0000---' 0.0000
topTuneBoost_Web_alpha2 2 213 0.0000 0.0000 0.2201 0.1986 0.0000 4 '20-0-00-0-' 0.0000
topTuneBoost_Web_alpha2 2 214 0.0000 0.0000 0.4160 0.2546 0.0000 4 '11-2-1-21-' 0.0000
topTuneBoost_Web_alpha2 2 215 0.0000 0.0000 0.4371 0.3028 0.0000 0 '1101110010' 0.0000
topTuneBoost_Web_alpha2 2 216 0.0000 0.0000 0.2557 0.1804 0.0000 4 '1-1-1-221-' 0.0000
topTuneBoost_Web_alpha2 2 217 0.0000 0.0000 0.3501 0.1837 0.0000 2 '1110-1121-' 0.0000
topTuneBoost_Web_alpha2 2 218 0.0000 0.0000 0.1024 0.1099 0.0000 2 '001100-00-' 0.0000
topTuneBoost_Web_alpha2 2 219 0.0000 0.0000 0.0000 0.0275 0.0000 6 '000--0----' 0.0000
topTuneBoost_Web_alpha2 2 220 0.0000 0.0000 0.0000 0.0230 0.0000 4 '0000--00--' 0.0000
topTuneBoost_Web_alpha2 2 221 0.0000 0.0000 0.2420 0.1854 0.0000 3 '111010--1-' 0.0000
topTuneBoost_Web_alpha2 2 222 0.0000 0.0000 0.2806 0.1967 0.0000 2 '1102-0112-' 0.0000
topTuneBoost_Web_alpha2 2 223 0.2053 0.2000 0.4305 0.3189 0.1250 0 '2014410011' 0.2500
topTuneBoost_Web_alpha2 2 224 0.0000 0.0000 0.3352 0.1855 0.0000 1 '200002100-' 0.0000
topTuneBoost_Web_alpha2 2 225 0.0000 0.0000 0.0000 0.0000 0.0000 4 '000-0--00-' 0.0000
topTuneBoost_Web_alpha2 2 226 0.0000 0.0000 0.0550 0.1553 0.0000 3 '0010000---' 0.0000
topTuneBoost_Web_alpha2 2 227 1.0000 0.2000 0.5857 0.3562 1.0000 1 '4413001-01' 1.0000
topTuneBoost_Web_alpha2 2 228 0.0000 0.0000 0.1458 0.1258 0.0000 3 '020-0--010' 0.0000
topTuneBoost_Web_alpha2 2 229 0.0000 0.0000 0.5795 0.2946 0.0000 1 '202220020-' 0.0000
topTuneBoost_Web_alpha2 2 230 0.0000 0.0000 0.2669 0.1542 0.0000 3 '0102--00-1' 0.0000
topTuneBoost_Web_alpha2 2 231 0.0000 0.0000 0.1072 0.2046 0.0000 4 '001-01-1--' 0.0000
topTuneBoost_Web_alpha2 2 232 0.0000 0.0000 0.7116 0.2820 0.0000 1 '111101010-' 0.0000
topTuneBoost_Web_alpha2 2 233 0.0000 0.0000 0.2805 0.1515 0.0000 1 '10010-0010' 0.0000
topTuneBoost_Web_alpha2 2 234 0.0000 0.0000 0.4036 0.2134 0.0000 2 '01111-0-01' 0.0000
topTuneBoost_Web_alpha2 2 235 0.0000 0.0000 0.1498 0.1292 0.0000 5 '0-2.-0-0--' 0.0000
topTuneBoost_Web_alpha2 2 236 0.0000 0.0000 0.5166 0.2466 0.0000 3 '111011-1--' 0.0000
topTuneBoost_Web_alpha2 2 237 0.0000 0.0000 0.0000 0.0000 0.0000 2 '0000-00-00' 0.0000
topTuneBoost_Web_alpha2 2 238 0.0000 0.0000 0.2490 0.1671 0.0000 3 '012010-0--' 0.0000
topTuneBoost_Web_alpha2 2 239 0.0000 0.0000 0.2139 0.1524 0.0000 1 '00110-1101' 0.0000
topTuneBoost_Web_alpha2 2 240 0.0000 0.0000 0.0000 0.0278 0.0000 7 '0-0---0---' 0.0000
topTuneBoost_Web_alpha2 2 241 0.0000 0.0000 0.0345 0.0767 0.0000 6 '-0--100---' 0.0000
topTuneBoost_Web_alpha2 2 242 0.0000 0.0000 0.0000 0.0447 0.0000 2 '00000--000' 0.0000
topTuneBoost_Web_alpha2 2 243 0.0000 0.0000 0.0565 0.0686 0.0000 2 '001-0000.-' 0.0000
topTuneBoost_Web_alpha2 2 244 0.0000 0.0000 0.1694 0.2361 0.0000 3 '-11-0-0000' 0.0000
topTuneBoost_Web_alpha2 2 245 0.0000 0.0000 0.0000 0.0244 0.0000 3 '000--0000-' 0.0000
topTuneBoost_Web_alpha2 2 246 0.0000 0.0000 0.0664 0.0511 0.0000 2 '00002000--' 0.0000
topTuneBoost_Web_alpha2 2 247 0.0000 0.0000 0.0777 0.0483 0.0000 5 '-0-1-0-0-0' 0.0000
topTuneBoost_Web_alpha2 2 248 0.0000 0.0000 0.0000 0.0383 0.0000 2 '0000--0000' 0.0000
topTuneBoost_Web_alpha2 2 249 0.0000 0.0000 0.0000 0.1181 0.0000 7 '0---0---0-' 0.0000
topTuneBoost_Web_alpha2 2 250 0.0000 0.0000 0.0435 0.0334 0.0000 5 '---00100--' 0.0000
topTuneBoost_Web_alpha2 2 251 0.0000 0.0000 0.0000 0.0344 0.0000 9 '-------0--' 0.0000
topTuneBoost_Web_alpha2 2 252 0.0000 0.0000 0.2687 0.1167 0.0000 3 '11-10011--' 0.0000
topTuneBoost_Web_alpha2 2 253 0.0000 0.0000 0.2459 0.1067 0.0000 4 '21001-1---' 0.0000
topTuneBoost_Web_alpha2 2 254 0.0000 0.0000 0.0000 0.0103 0.0000 6 '00--00----' 0.0000
topTuneBoost_Web_alpha2 2 255 0.0000 0.0000 0.0000 0.0316 0.0000 6 '.--00---0-' 0.0000
topTuneBoost_Web_alpha2 2 256 0.0000 0.0000 0.2273 0.1340 0.0000 6 '11---31---' 0.0000
topTuneBoost_Web_alpha2 2 257 0.0052 0.0000 0.1773 0.1363 0.0000 3 '0110---022' 0.0052
topTuneBoost_Web_alpha2 2 258 0.0000 0.0000 0.1041 0.0477 0.0000 7 '01-----1--' 0.0000
topTuneBoost_Web_alpha2 2 259 0.0000 0.0000 0.5265 0.1704 0.0000 4 '1111-11---' 0.0000
topTuneBoost_Web_alpha2 2 260 0.0000 0.0000 0.0612 0.0564 0.0000 8 '0----2----' 0.0000
topTuneBoost_Web_alpha2 2 261 0.0000 0.0000 0.0000 0.0392 0.0000 7 '--00--0---' 0.0000
topTuneBoost_Web_alpha2 2 262 0.0000 0.0000 0.0475 0.0354 0.0000 8 '-----1---0' 0.0000
topTuneBoost_Web_alpha2 2 263 0.0000 0.0000 0.1632 0.0891 0.0000 7 '10--1-----' 0.0000
topTuneBoost_Web_alpha2 2 264 0.0000 0.0000 0.0550 0.0914 0.0000 8 '0-1-------' 0.0000
topTuneBoost_Web_alpha2 2 265 0.1000 0.1000 0.3458 0.2953 0.0000 4 '03-02--0-4' 0.1000
topTuneBoost_Web_alpha2 2 266 0.7333 0.4000 0.6339 0.1623 0.8750 5 '4-4344----' 1.0000
topTuneBoost_Web_alpha2 2 267 0.0000 0.0000 0.0000 0.0066 0.0000 9 '----.-----' 0.0000
topTuneBoost_Web_alpha2 2 268 0.0000 0.0000 0.2146 0.0634 0.0000 4 '2-1-0--000' 0.0000
topTuneBoost_Web_alpha2 2 269 0.0500 0.0000 0.0000 0.0498 0.0000 9 '0---------' 0.0500
topTuneBoost_Web_alpha2 2 270 0.0000 0.0000 0.1177 0.1149 0.0000 7 '02------0-' 0.0000
topTuneBoost_Web_alpha2 2 271 0.0000 0.0000 0.0749 0.0626 0.0000 6 '-0100-----' 0.0000
topTuneBoost_Web_alpha2 2 272 0.0000 0.0000 0.1257 0.0826 0.0000 6 '011---1---' 0.0000
topTuneBoost_Web_alpha2 2 273 0.3517 0.4000 0.4378 0.2850 0.4400 3 '-0434-04-4' 0.3333
topTuneBoost_Web_alpha2 2 274 0.0000 0.0000 0.1119 0.0772 0.0000 7 '10--1-----' 0.0000
topTuneBoost_Web_alpha2 2 275 0.0000 0.0000 0.0000 0.0000 0.0000 6 '0---00--0-' 0.0000
topTuneBoost_Web_alpha2 2 276 0.0000 0.0000 0.0694 0.0518 0.0000 8 '-1-----1--' 0.0000
topTuneBoost_Web_alpha2 2 277 0.0000 0.0000 0.0000 0.0046 0.0000 8 '0---0-----' 0.0000
topTuneBoost_Web_alpha2 2 278 0.0000 0.0000 0.0000 0.0000 0.0000 9 '--0-------' 0.0000
topTuneBoost_Web_alpha2 2 279 0.0000 0.0000 0.2216 0.1089 0.0000 4 '20-10--10-' 0.0000
topTuneBoost_Web_alpha2 2 280 0.0000 0.0000 0.0000 0.0629 0.0000 7 '---00-0---' 0.0000
topTuneBoost_Web_alpha2 2 281 0.0000 0.0000 0.1289 0.0749 0.0000 5 '--10-101--' 0.0000
topTuneBoost_Web_alpha2 2 282 0.0000 0.0000 0.3259 0.1225 0.0000 5 '011-1----1' 0.0000
topTuneBoost_Web_alpha2 2 283 0.0000 0.0000 0.2831 0.1267 0.0000 4 '1112-0---3' 0.0000
topTuneBoost_Web_alpha2 2 284 0.0000 0.0000 0.4125 0.1573 0.0000 5 '21-3-3-2--' 0.0000
topTuneBoost_Web_alpha2 2 285 0.1667 0.1000 0.4517 0.1122 0.0000 3 '221-2411--' 0.1667
topTuneBoost_Web_alpha2 2 286 0.0000 0.0000 0.1331 0.0590 0.0000 7 '1------02-' 0.0000
topTuneBoost_Web_alpha2 2 287 0.0000 0.0000 0.0560 0.0277 0.0000 8 '-0---2----' 0.0000
topTuneBoost_Web_alpha2 2 288 0.0000 0.0000 0.1286 0.0767 0.0000 7 '01----2---' 0.0000
topTuneBoost_Web_alpha2 2 289 0.0000 0.0000 0.0000 0.0181 0.0000 8 '--0-----0-' 0.0000
topTuneBoost_Web_alpha2 2 290 0.0000 0.0000 0.0784 0.0389 0.0000 5 '-0-0-1--00' 0.0000
topTuneBoost_Web_alpha2 2 291 0.0000 0.0000 0.0000 0.0219 0.0000 7 '000-------' 0.0000
topTuneBoost_Web_alpha2 2 292 0.0000 0.0000 0.2170 0.0842 0.0000 7 '1--2--2---' 0.0000
topTuneBoost_Web_alpha2 2 293 0.0000 0.0000 0.0580 0.0307 0.0000 9 '----2-----' 0.0000
topTuneBoost_Web_alpha2 2 294 0.0000 0.0000 0.0000 0.0217 0.0000 8 '00--------' 0.0000
topTuneBoost_Web_alpha2 2 295 0.0000 0.0000 0.3987 0.1478 0.0000 3 '121200---0' 0.0000
topTuneBoost_Web_alpha2 2 296 0.0000 0.0000 0.2264 0.0803 0.0000 5 '11--13-0--' 0.0000
topTuneBoost_Web_alpha2 2 297 0.0000 0.0000 0.2117 0.0672 0.0000 7 '---111----' 0.0000
topTuneBoost_Web_alpha2 2 298 0.0203 0.0000 0.0971 0.1404 0.3725 7 '--21--1---' 0.0455
topTuneBoost_Web_alpha2 2 299 0.0000 0.0000 0.0000 0.0000 0.0000 10 '----------' 0.0000
topTuneBoost_Web_alpha2 2 300 0.0000 0.0000 0.0000 0.0000 0.0000 8 '-0--0-----' 0.0000
topTuneBoost_Web_alpha3 3 201 0.0000 0.0000 0.2377 0.1538 0.0000 0 '0110010101' 0.0000
topTuneBoost_Web_alpha3 3 202 0.0000 0.0000 0.0000 0.0000 0.0000 1 '00000000-0' 0.0000
topTuneBoost_Web_alpha3 3 203 0.0000 0.0000 0.2833 0.1439 0.0000 6 '3002------' 0.0000
topTuneBoost_Web_alpha3 3 204 0.0000 0.0000 0.1065 0.1529 0.0000 1 '000020-010' 0.0000
topTuneBoost_Web_alpha3 3 205 0.0000 0.0000 0.1610 0.1318 0.0000 2 '0010-1111-' 0.0000
topTuneBoost_Web_alpha3 3 206 0.0000 0.0000 0.0402 0.1316 0.0000 7 '0----0-1--' 0.0000
topTuneBoost_Web_alpha3 3 207 0.0000 0.0000 0.0774 0.1414 0.0000 0 '0100000010' 0.0000
topTuneBoost_Web_alpha3 3 208 0.0000 0.0000 0.2317 0.1687 0.0000 0 '1002001001' 0.0000
topTuneBoost_Web_alpha3 3 209 0.0000 0.0000 0.0622 0.0565 0.0000 3 '00---02000' 0.0000
topTuneBoost_Web_alpha3 3 210 0.0000 0.0000 0.0776 0.0959 0.0000 0 '0000020000' 0.0000
topTuneBoost_Web_alpha3 3 211 0.0000 0.0000 0.2852 0.2257 0.0000 1 '0-21101111' 0.0000
topTuneBoost_Web_alpha3 3 212 0.0000 0.0000 0.0000 0.0580 0.0000 6 '-000--0---' 0.0000
topTuneBoost_Web_alpha3 3 213 0.0000 0.0000 0.2593 0.2061 0.0000 4 '2-0-010--0' 0.0000
topTuneBoost_Web_alpha3 3 214 0.0000 0.0000 0.3829 0.2531 0.0000 5 '11-2-1-2--' 0.0000
topTuneBoost_Web_alpha3 3 215 0.0000 0.0000 0.5345 0.3300 0.0000 1 '1110111-11' 0.0000
topTuneBoost_Web_alpha3 3 216 0.0000 0.0000 0.3059 0.1839 0.0000 3 '1--12212-1' 0.0000
topTuneBoost_Web_alpha3 3 217 0.0000 0.0000 0.3757 0.1907 0.0000 1 '111-011121' 0.0000
topTuneBoost_Web_alpha3 3 218 0.0000 0.0000 0.0917 0.1092 0.0000 3 '0010-010--' 0.0000
topTuneBoost_Web_alpha3 3 219 0.0000 0.0000 0.0000 0.0268 0.0000 6 '0000------' 0.0000
topTuneBoost_Web_alpha3 3 220 0.0000 0.0000 0.0000 0.0387 0.0000 5 '00-0-00---' 0.0000
topTuneBoost_Web_alpha3 3 221 0.0000 0.0000 0.3098 0.1887 0.0000 1 '111200011-' 0.0000
topTuneBoost_Web_alpha3 3 222 0.0000 0.0000 0.2705 0.1960 0.0000 2 '1100-2121-' 0.0000
topTuneBoost_Web_alpha3 3 223 0.1998 0.2000 0.4120 0.3178 0.1250 0 '2014410010' 0.2500
topTuneBoost_Web_alpha3 3 224 0.0000 0.0000 0.3352 0.1875 0.0000 1 '20000210-0' 0.0000
topTuneBoost_Web_alpha3 3 225 0.0000 0.0000 0.0000 0.0000 0.0000 5 '0000---0--' 0.0000
topTuneBoost_Web_alpha3 3 226 0.0000 0.0000 0.0474 0.1534 0.0000 3 '0-010000--' 0.0000
topTuneBoost_Web_alpha3 3 227 0.8333 0.2000 0.6045 0.3524 0.7500 0 '4143010300' 1.0000
topTuneBoost_Web_alpha3 3 228 0.0000 0.0000 0.1488 0.1324 0.0000 4 '020-001---' 0.0000
topTuneBoost_Web_alpha3 3 229 0.0000 0.0000 0.5767 0.2976 0.0000 1 '202202200-' 0.0000
topTuneBoost_Web_alpha3 3 230 0.0000 0.0000 0.3130 0.1818 0.0000 3 '10-020-1-0' 0.0000
topTuneBoost_Web_alpha3 3 231 0.0000 0.0000 0.1573 0.2232 0.0000 3 '0101-10-1-' 0.0000
topTuneBoost_Web_alpha3 3 232 0.0000 0.0000 0.7058 0.2795 0.0000 1 '11110100-1' 0.0000
topTuneBoost_Web_alpha3 3 233 0.0000 0.0000 0.3779 0.1752 0.0000 1 '110010-100' 0.0000
topTuneBoost_Web_alpha3 3 234 0.0000 0.0000 0.4627 0.2177 0.0000 2 '01111--110' 0.0000
topTuneBoost_Web_alpha3 3 235 0.0000 0.0000 0.2996 0.2583 0.0000 5 '20--0.-0--' 0.0000
topTuneBoost_Web_alpha3 3 236 0.0000 0.0000 0.5315 0.2530 0.0000 3 '1111101---' 0.0000
topTuneBoost_Web_alpha3 3 237 0.0000 0.0000 0.0000 0.0000 0.0000 2 '0000-000-0' 0.0000
topTuneBoost_Web_alpha3 3 238 0.0000 0.0000 0.2490 0.1673 0.0000 2 '01201000--' 0.0000
topTuneBoost_Web_alpha3 3 239 0.0000 0.0000 0.2260 0.1607 0.0000 2 '0011110-1-' 0.0000
topTuneBoost_Web_alpha3 3 240 0.0000 0.0000 0.0000 0.0348 0.0000 6 '0---0--0-0' 0.0000
topTuneBoost_Web_alpha3 3 241 0.0000 0.0000 0.0642 0.0881 0.0000 5 '-0-100---1' 0.0000
topTuneBoost_Web_alpha3 3 242 0.0000 0.0000 0.0000 0.0456 0.0000 3 '00000--0-0' 0.0000
topTuneBoost_Web_alpha3 3 243 0.0000 0.0000 0.0813 0.0857 0.0000 1 '00-10000.1' 0.0000
topTuneBoost_Web_alpha3 3 244 0.0000 0.0000 0.2916 0.3018 0.0000 4 '1100---10-' 0.0000
topTuneBoost_Web_alpha3 3 245 0.0000 0.0000 0.0000 0.0247 0.0000 3 '0000--000-' 0.0000
topTuneBoost_Web_alpha3 3 246 0.0000 0.0000 0.1331 0.0715 0.0000 1 '02000000-1' 0.0000
topTuneBoost_Web_alpha3 3 247 0.0000 0.0000 0.1804 0.1121 0.0000 5 '10---0-00-' 0.0000
topTuneBoost_Web_alpha3 3 248 0.0000 0.0000 0.0000 0.0427 0.0000 3 '0000-0-00-' 0.0000
topTuneBoost_Web_alpha3 3 249 0.0000 0.0000 0.0000 0.1294 0.0000 7 '---0-0-0--' 0.0000
topTuneBoost_Web_alpha3 3 250 0.0000 0.0000 0.0435 0.0334 0.0000 6 '---0010---' 0.0000
topTuneBoost_Web_alpha3 3 251 0.0000 0.0000 0.0000 0.0357 0.0000 9 '--------0-' 0.0000
topTuneBoost_Web_alpha3 3 252 0.0000 0.0000 0.2268 0.1112 0.0000 4 '11-001--1-' 0.0000
topTuneBoost_Web_alpha3 3 253 0.0000 0.0000 0.2581 0.1097 0.0000 4 '21101--0--' 0.0000
topTuneBoost_Web_alpha3 3 254 0.0000 0.0000 0.0000 0.0102 0.0000 6 '00--0--0--' 0.0000
topTuneBoost_Web_alpha3 3 255 0.0000 0.0000 0.0000 0.0351 0.0000 6 '--00.--0--' 0.0000
topTuneBoost_Web_alpha3 3 256 0.0000 0.0000 0.2273 0.1349 0.0000 6 '11---31---' 0.0000
topTuneBoost_Web_alpha3 3 257 0.0096 0.0000 0.1773 0.1394 0.0000 3 '011-0--022' 0.0096
topTuneBoost_Web_alpha3 3 258 0.0000 0.0000 0.1026 0.0468 0.0000 7 '01------1-' 0.0000
topTuneBoost_Web_alpha3 3 259 0.0000 0.0000 0.4775 0.1693 0.0000 3 '11111---00' 0.0000
topTuneBoost_Web_alpha3 3 260 0.0000 0.0000 0.0000 0.0392 0.0000 9 '0---------' 0.0000
topTuneBoost_Web_alpha3 3 261 0.0000 0.0000 0.0000 0.0388 0.0000 7 '-00---0---' 0.0000
topTuneBoost_Web_alpha3 3 262 0.0000 0.0000 0.0516 0.0358 0.0000 8 '----1--0--' 0.0000
topTuneBoost_Web_alpha3 3 263 0.0000 0.0000 0.2522 0.0951 0.0000 6 '10-1-2----' 0.0000
topTuneBoost_Web_alpha3 3 264 0.0000 0.0000 0.0474 0.0867 0.0000 8 '0--1------' 0.0000
topTuneBoost_Web_alpha3 3 265 0.1667 0.1000 0.3701 0.3141 0.0000 4 '03-024--0-' 0.1667
topTuneBoost_Web_alpha3 3 266 0.5667 0.4000 0.5384 0.1425 0.8125 5 '-43444----' 0.5000
topTuneBoost_Web_alpha3 3 267 0.0000 0.0000 0.0000 0.0062 0.0000 9 '------.---' 0.0000
topTuneBoost_Web_alpha3 3 268 0.0000 0.0000 0.2146 0.0633 0.0000 5 '2-1----000' 0.0000
topTuneBoost_Web_alpha3 3 269 0.1250 0.1000 0.0919 0.0690 0.0000 6 '0---00-4--' 0.1250
topTuneBoost_Web_alpha3 3 270 0.0000 0.0000 0.1866 0.1450 0.0000 8 '20--------' 0.0000
topTuneBoost_Web_alpha3 3 271 0.0000 0.0000 0.0645 0.0539 0.0000 6 '0-01-0----' 0.0000
topTuneBoost_Web_alpha3 3 272 0.0000 0.0000 0.1070 0.0833 0.0000 6 '0-11---1--' 0.0000
topTuneBoost_Web_alpha3 3 273 0.3912 0.4000 0.4447 0.2892 0.5200 3 '-0443-40-4' 0.3333
topTuneBoost_Web_alpha3 3 274 0.0000 0.0000 0.1119 0.0771 0.0000 6 '10--1----0' 0.0000
topTuneBoost_Web_alpha3 3 275 0.0000 0.0000 0.0000 0.0000 0.0000 6 '0---00--0-' 0.0000
topTuneBoost_Web_alpha3 3 276 0.0000 0.0000 0.0965 0.0586 0.0000 8 '1------1--' 0.0000
topTuneBoost_Web_alpha3 3 277 0.0000 0.0000 0.0000 0.0045 0.0000 8 '0------0--' 0.0000
topTuneBoost_Web_alpha3 3 278 0.0000 0.0000 0.0000 0.0000 0.0000 6 '-0--00--0-' 0.0000
topTuneBoost_Web_alpha3 3 279 0.0000 0.0000 0.2181 0.1079 0.0000 6 '2-0-1--1--' 0.0000
topTuneBoost_Web_alpha3 3 280 0.0000 0.0000 0.0384 0.0640 0.0000 9 '----1-----' 0.0000
topTuneBoost_Web_alpha3 3 281 0.0000 0.0000 0.1273 0.0741 0.0000 5 '--10-10-1-' 0.0000
topTuneBoost_Web_alpha3 3 282 0.0000 0.0000 0.3483 0.1349 0.0000 5 '1011---0--' 0.0000
topTuneBoost_Web_alpha3 3 283 0.0000 0.0000 0.2831 0.1264 0.0000 4 '1112-0---3' 0.0000
topTuneBoost_Web_alpha3 3 284 0.0000 0.0000 0.3341 0.1475 0.0000 6 '12-3--3---' 0.0000
topTuneBoost_Web_alpha3 3 285 0.2000 0.1000 0.4284 0.1115 0.0000 4 '22-142-1--' 0.2000
topTuneBoost_Web_alpha3 3 286 0.0000 0.0000 0.1355 0.0598 0.0000 7 '1------20-' 0.0000
topTuneBoost_Web_alpha3 3 287 0.0000 0.0000 0.0560 0.0277 0.0000 8 '0----2----' 0.0000
topTuneBoost_Web_alpha3 3 288 0.0000 0.0000 0.1000 0.0693 0.0000 7 '0--1-----2' 0.0000
topTuneBoost_Web_alpha3 3 289 0.0000 0.0000 0.0000 0.0189 0.0000 8 '--0-----0-' 0.0000
topTuneBoost_Web_alpha3 3 290 0.0000 0.0000 0.0636 0.0316 0.0000 5 '-0----0001' 0.0000
topTuneBoost_Web_alpha3 3 291 0.0000 0.0000 0.0000 0.0212 0.0000 7 '000-------' 0.0000
topTuneBoost_Web_alpha3 3 292 0.0000 0.0000 0.2209 0.0853 0.0000 7 '1--2-2----' 0.0000
topTuneBoost_Web_alpha3 3 293 0.0000 0.0000 0.0500 0.0305 0.0000 9 '------2---' 0.0000
topTuneBoost_Web_alpha3 3 294 0.0000 0.0000 0.0000 0.0188 0.0000 8 '00--------' 0.0000
topTuneBoost_Web_alpha3 3 295 0.0000 0.0000 0.4063 0.1503 0.0000 4 '122100----' 0.0000
topTuneBoost_Web_alpha3 3 296 0.0000 0.0000 0.2292 0.0809 0.0000 4 '11--3-10-0' 0.0000
topTuneBoost_Web_alpha3 3 297 0.0000 0.0000 0.2143 0.0660 0.0000 7 '--1-1---1-' 0.0000
topTuneBoost_Web_alpha3 3 298 0.0214 0.0000 0.1208 0.1488 0.3725 7 '1--2--1---' 0.0500
topTuneBoost_Web_alpha3 3 299 0.0000 0.0000 0.0000 0.0000 0.0000 10 '----------' 0.0000
topTuneBoost_Web_alpha3 3 300 0.0000 0.0000 0.0000 0.0060 0.0000 8 '--0-----0-' 0.0000
topTuneBoost_Web_alpha4 4 201 0.0000 0.0000 0.2297 0.1595 0.0000 0 '1000101010' 0.0000
topTuneBoost_Web_alpha4 4 202 0.0028 0.0000 0.0000 0.1180 0.0000 0 '0000000000' 0.0028
topTuneBoost_Web_alpha4 4 203 0.0000 0.0000 0.3218 0.1619 0.0000 3 '302-10-00-' 0.0000
topTuneBoost_Web_alpha4 4 204 0.0000 0.0000 0.2333 0.1512 0.0000 4 '-00-220--3' 0.0000
topTuneBoost_Web_alpha4 4 205 0.0000 0.0000 0.1154 0.1120 0.0000 2 '000--11101' 0.0000
topTuneBoost_Web_alpha4 4 206 0.0000 0.0000 0.0000 0.0971 0.0000 7 '00-----0--' 0.0000
topTuneBoost_Web_alpha4 4 207 0.0000 0.0000 0.0801 0.1426 0.0000 0 '0100001000' 0.0000
topTuneBoost_Web_alpha4 4 208 0.0000 0.0000 0.2312 0.1693 0.0000 0 '1002000110' 0.0000
topTuneBoost_Web_alpha4 4 209 0.0000 0.0000 0.0589 0.0534 0.0000 3 '00---00200' 0.0000
topTuneBoost_Web_alpha4 4 210 0.0000 0.0000 0.0687 0.0912 0.0000 0 '0000000200' 0.0000
topTuneBoost_Web_alpha4 4 211 0.0000 0.0000 0.3412 0.2264 0.0000 1 '0-21110113' 0.0000
topTuneBoost_Web_alpha4 4 212 0.0000 0.0000 0.0000 0.0428 0.0000 6 '-0-0----00' 0.0000
topTuneBoost_Web_alpha4 4 213 0.0000 0.0000 0.2206 0.1894 0.0000 3 '-20-11000-' 0.0000
topTuneBoost_Web_alpha4 4 214 0.0000 0.0000 0.4277 0.2457 0.0000 4 '11---1222-' 0.0000
topTuneBoost_Web_alpha4 4 215 0.0000 0.0000 0.5349 0.3357 0.0000 2 '1111--1111' 0.0000
topTuneBoost_Web_alpha4 4 216 0.0000 0.0000 0.3728 0.1851 0.0000 3 '1--12222-3' 0.0000
topTuneBoost_Web_alpha4 4 217 0.0000 0.0000 0.4304 0.1994 0.0000 1 '112-111111' 0.0000
topTuneBoost_Web_alpha4 4 218 0.0000 0.0000 0.0792 0.1106 0.0000 3 '0001-0-0-1' 0.0000
topTuneBoost_Web_alpha4 4 219 0.0000 0.0000 0.0000 0.0256 0.0000 5 '00-000----' 0.0000
topTuneBoost_Web_alpha4 4 220 0.0000 0.0000 0.0000 0.0397 0.0000 5 '000--00---' 0.0000
topTuneBoost_Web_alpha4 4 221 0.0000 0.0000 0.2877 0.1939 0.0000 1 '11201-1000' 0.0000
topTuneBoost_Web_alpha4 4 222 0.0000 0.0000 0.2561 0.1916 0.0000 2 '10011-221-' 0.0000
topTuneBoost_Web_alpha4 4 223 0.1973 0.2000 0.4112 0.3186 0.1250 0 '2014410001' 0.2500
topTuneBoost_Web_alpha4 4 224 0.0000 0.0000 0.3419 0.1933 0.0000 1 '20002010-0' 0.0000
topTuneBoost_Web_alpha4 4 225 0.0000 0.0000 0.0000 0.0000 0.0000 5 '000-0---0-' 0.0000
topTuneBoost_Web_alpha4 4 226 0.0000 0.0000 0.0426 0.1492 0.0000 3 '0-00100--0' 0.0000
topTuneBoost_Web_alpha4 4 227 0.8333 0.2000 0.6668 0.3700 0.7500 0 '4143103003' 1.0000
topTuneBoost_Web_alpha4 4 228 0.0000 0.0000 0.1579 0.1376 0.0000 3 '0201-0-0-0' 0.0000
topTuneBoost_Web_alpha4 4 229 0.0000 0.0000 0.5767 0.3029 0.0000 1 '20220220-0' 0.0000
topTuneBoost_Web_alpha4 4 230 0.0000 0.0000 0.3157 0.1869 0.0000 4 '1-002-1--0' 0.0000
topTuneBoost_Web_alpha4 4 231 0.0000 0.0000 0.2897 0.2577 0.0000 3 '101-1013--' 0.0000
topTuneBoost_Web_alpha4 4 232 0.0000 0.0000 0.7058 0.2786 0.0000 1 '11110100-1' 0.0000
topTuneBoost_Web_alpha4 4 233 0.0000 0.0000 0.4078 0.1853 0.0000 2 '11101-000-' 0.0000
topTuneBoost_Web_alpha4 4 234 0.0000 0.0000 0.4759 0.2201 0.0000 3 '0111111---' 0.0000
topTuneBoost_Web_alpha4 4 235 0.0000 0.0000 0.2996 0.2583 0.0000 5 '200---.0--' 0.0000
topTuneBoost_Web_alpha4 4 236 0.0000 0.0000 0.5352 0.2587 0.0000 3 '111111--0-' 0.0000
topTuneBoost_Web_alpha4 4 237 0.0000 0.0000 0.0000 0.0000 0.0000 1 '00000-0000' 0.0000
topTuneBoost_Web_alpha4 4 238 0.0000 0.0000 0.2490 0.1675 0.0000 2 '0120100--0' 0.0000
topTuneBoost_Web_alpha4 4 239 0.0000 0.0000 0.3906 0.1909 0.0000 0 '1001111111' 0.0000
topTuneBoost_Web_alpha4 4 240 0.0000 0.0000 0.0829 0.0538 0.0000 4 '0-0-21--00' 0.0000
topTuneBoost_Web_alpha4 4 241 0.0000 0.0000 0.0642 0.0913 0.0000 5 '---1-00-01' 0.0000
topTuneBoost_Web_alpha4 4 242 0.0000 0.0000 0.0000 0.0479 0.0000 3 '00000---00' 0.0000
topTuneBoost_Web_alpha4 4 243 0.0000 0.0000 0.0777 0.0909 0.0000 1 '00-0100.10' 0.0000
topTuneBoost_Web_alpha4 4 244 0.0000 0.0000 0.3023 0.3145 0.0000 4 '11001--0--' 0.0000
topTuneBoost_Web_alpha4 4 245 0.0000 0.0000 0.0000 0.0245 0.0000 3 '00000-0-0-' 0.0000
topTuneBoost_Web_alpha4 4 246 0.0000 0.0000 0.2003 0.1044 0.0000 2 '2000001--0' 0.0000
topTuneBoost_Web_alpha4 4 247 0.0000 0.0000 0.1138 0.0707 0.0000 6 '-10---00--' 0.0000
topTuneBoost_Web_alpha4 4 248 0.0000 0.0000 0.0000 0.0537 0.0000 3 '0000-0-00-' 0.0000
topTuneBoost_Web_alpha4 4 249 0.0000 0.0000 0.0000 0.1353 0.0000 7 '------00-0' 0.0000
topTuneBoost_Web_alpha4 4 250 0.0000 0.0000 0.0435 0.0334 0.0000 6 '00---1-0--' 0.0000
topTuneBoost_Web_alpha4 4 251 0.0000 0.0000 0.0331 0.0367 0.0000 9 '--------1-' 0.0000
topTuneBoost_Web_alpha4 4 252 0.0000 0.0000 0.1903 0.1062 0.0000 4 '11-00---01' 0.0000
topTuneBoost_Web_alpha4 4 253 0.0000 0.0000 0.2613 0.1107 0.0000 4 '21110----0' 0.0000
topTuneBoost_Web_alpha4 4 254 0.0000 0.0000 0.0000 0.0102 0.0000 7 '00----0---' 0.0000
topTuneBoost_Web_alpha4 4 255 0.0000 0.0000 0.0000 0.0370 0.0000 6 '--0-0-.-0-' 0.0000
topTuneBoost_Web_alpha4 4 256 0.0000 0.0000 0.2255 0.1350 0.0000 6 '11-1---3--' 0.0000
topTuneBoost_Web_alpha4 4 257 0.0250 0.0000 0.1763 0.1368 0.0000 3 '0--1100-32' 0.0250
topTuneBoost_Web_alpha4 4 258 0.0000 0.0000 0.0694 0.0455 0.0000 7 '01------0-' 0.0000
topTuneBoost_Web_alpha4 4 259 0.0000 0.0000 0.4775 0.1678 0.0000 3 '11111---00' 0.0000
topTuneBoost_Web_alpha4 4 260 0.0000 0.0000 0.0000 0.0313 0.0000 8 '0-----0---' 0.0000
topTuneBoost_Web_alpha4 4 261 0.0000 0.0000 0.0000 0.0371 0.0000 7 '-0--0-0---' 0.0000
topTuneBoost_Web_alpha4 4 262 0.0000 0.0000 0.0516 0.0356 0.0000 8 '----1--0--' 0.0000
topTuneBoost_Web_alpha4 4 263 0.0000 0.0000 0.2594 0.0951 0.0000 5 '1-012----0' 0.0000
topTuneBoost_Web_alpha4 4 264 0.0000 0.0000 0.0744 0.0830 0.0000 7 '0---1----1' 0.0000
topTuneBoost_Web_alpha4 4 265 0.2000 0.1000 0.3401 0.2892 0.0000 4 '003-42-0--' 0.2000
topTuneBoost_Web_alpha4 4 266 0.5111 0.4000 0.5248 0.1396 0.8125 5 '-4344---4-' 0.5000
topTuneBoost_Web_alpha4 4 267 0.0000 0.0000 0.0000 0.0061 0.0000 9 '---------.' 0.0000
topTuneBoost_Web_alpha4 4 268 0.0000 0.0000 0.1169 0.0355 0.0000 6 '0-12-----0' 0.0000
topTuneBoost_Web_alpha4 4 269 0.2000 0.1000 0.1127 0.0846 0.0000 5 '0-0040----' 0.2000
topTuneBoost_Web_alpha4 4 270 0.0000 0.0000 0.1866 0.1442 0.0000 8 '20--------' 0.0000
topTuneBoost_Web_alpha4 4 271 0.0000 0.0000 0.0580 0.0484 0.0000 6 '0-0-1----0' 0.0000
topTuneBoost_Web_alpha4 4 272 0.0000 0.0000 0.1538 0.0795 0.0000 4 '0-01-211--' 0.0000
topTuneBoost_Web_alpha4 4 273 0.4133 0.4000 0.4502 0.2931 0.6000 4 '-04434---4' 0.3333
topTuneBoost_Web_alpha4 4 274 0.0000 0.0000 0.1076 0.0747 0.0000 7 '10----1---' 0.0000
topTuneBoost_Web_alpha4 4 275 0.0000 0.0000 0.0000 0.0000 0.0000 6 '0---00---0' 0.0000
topTuneBoost_Web_alpha4 4 276 0.0000 0.0000 0.0946 0.0576 0.0000 8 '1--------1' 0.0000
topTuneBoost_Web_alpha4 4 277 0.0000 0.0000 0.0000 0.0045 0.0000 8 '0------0--' 0.0000
topTuneBoost_Web_alpha4 4 278 0.0000 0.0000 0.0000 0.0000 0.0000 5 '-0-0-000--' 0.0000
topTuneBoost_Web_alpha4 4 279 0.0000 0.0000 0.2102 0.1048 0.0000 6 '2-0----1-1' 0.0000
topTuneBoost_Web_alpha4 4 280 0.0000 0.0000 0.0000 0.0547 0.0000 10 '----------' 0.0000
topTuneBoost_Web_alpha4 4 281 0.0000 0.0000 0.1404 0.0784 0.0000 5 '-1-0-10--1' 0.0000
topTuneBoost_Web_alpha4 4 282 0.0000 0.0000 0.3483 0.1362 0.0000 5 '1011---0--' 0.0000
topTuneBoost_Web_alpha4 4 283 0.0000 0.0000 0.2195 0.1250 0.0000 5 '1112-0----' 0.0000
topTuneBoost_Web_alpha4 4 284 0.0000 0.0000 0.2938 0.1396 0.0000 6 '1-23-2----' 0.0000
topTuneBoost_Web_alpha4 4 285 0.1667 0.1000 0.3956 0.1043 0.0000 4 '2-21-4-21-' 0.1667
topTuneBoost_Web_alpha4 4 286 0.0000 0.0000 0.0846 0.0452 0.0000 8 '----1--2--' 0.0000
topTuneBoost_Web_alpha4 4 287 0.0000 0.0000 0.0560 0.0277 0.0000 8 '0----2----' 0.0000
topTuneBoost_Web_alpha4 4 288 0.0000 0.0000 0.0313 0.0635 0.0000 8 '0------1--' 0.0000
topTuneBoost_Web_alpha4 4 289 0.0000 0.0000 0.0000 0.0182 0.0000 7 '-00----0--' 0.0000
topTuneBoost_Web_alpha4 4 290 0.0000 0.0000 0.0000 0.0287 0.0000 7 '--0--0-0--' 0.0000
topTuneBoost_Web_alpha4 4 291 0.0000 0.0000 0.0000 0.0206 0.0000 6 '000------0' 0.0000
topTuneBoost_Web_alpha4 4 292 0.0000 0.0000 0.1780 0.0818 0.0000 7 '--12-2----' 0.0000
topTuneBoost_Web_alpha4 4 293 0.0000 0.0000 0.0451 0.0364 0.0000 9 '--------2-' 0.0000
topTuneBoost_Web_alpha4 4 294 0.0000 0.0000 0.0000 0.0185 0.0000 8 '00--------' 0.0000
topTuneBoost_Web_alpha4 4 295 0.0000 0.0000 0.4063 0.1505 0.0000 4 '122100----' 0.0000
topTuneBoost_Web_alpha4 4 296 0.0000 0.0000 0.1314 0.0620 0.0000 5 '-1-03-0--0' 0.0000
topTuneBoost_Web_alpha4 4 297 0.0000 0.0000 0.2261 0.0670 0.0000 7 '-1----1--1' 0.0000
topTuneBoost_Web_alpha4 4 298 0.0234 0.0000 0.1208 0.1535 0.3750 7 '1--2--1---' 0.0769
topTuneBoost_Web_alpha4 4 299 0.0000 0.0000 0.0000 0.0000 0.0000 10 '----------' 0.0000
topTuneBoost_Web_alpha4 4 300 0.0000 0.0000 0.0368 0.0158 0.0000 9 '---------1' 0.0000
topTuneBoost_Web_alpha5 5 201 0.0000 0.0000 0.1253 0.1418 0.0000 1 '00-1010100' 0.0000
topTuneBoost_Web_alpha5 5 202 0.0286 0.0000 0.0000 0.1934 0.0000 0 '0000000000' 0.0286
topTuneBoost_Web_alpha5 5 203 0.0000 0.0000 0.3560 0.1691 0.0000 4 '3---01-122' 0.0000
topTuneBoost_Web_alpha5 5 204 0.0000 0.0000 0.1807 0.1398 0.0000 5 '---00--231' 0.0000
topTuneBoost_Web_alpha5 5 205 0.0000 0.0000 0.0000 0.0653 0.0000 8 '----0---0-' 0.0000
topTuneBoost_Web_alpha5 5 206 0.0000 0.0000 0.0000 0.0704 0.0000 7 '-000------' 0.0000
topTuneBoost_Web_alpha5 5 207 0.0000 0.0000 0.0608 0.1330 0.0000 2 '000100--10' 0.0000
topTuneBoost_Web_alpha5 5 208 0.0000 0.0000 0.2736 0.2079 0.0000 1 '210000001-' 0.0000
topTuneBoost_Web_alpha5 5 209 0.0000 0.0000 0.0000 0.0356 0.0000 2 '000000--00' 0.0000
topTuneBoost_Web_alpha5 5 210 0.0000 0.0000 0.0000 0.0859 0.0000 0 '0000000000' 0.0000
topTuneBoost_Web_alpha5 5 211 0.0000 0.0000 0.3435 0.1958 0.0000 5 '-132-11---' 0.0000
topTuneBoost_Web_alpha5 5 212 0.0000 0.0000 0.0000 0.0379 0.0000 7 '-0--0----0' 0.0000
topTuneBoost_Web_alpha5 5 213 0.0000 0.0000 0.2286 0.1945 0.0000 4 '-21-0-010-' 0.0000
topTuneBoost_Web_alpha5 5 214 0.0000 0.0000 0.2435 0.2208 0.0000 7 '1-1--2----' 0.0000
topTuneBoost_Web_alpha5 5 215 0.0000 0.0000 0.4070 0.2965 0.0000 4 '1-1-1111--' 0.0000
topTuneBoost_Web_alpha5 5 216 0.0000 0.0000 0.3864 0.1903 0.0000 2 '11122-1-13' 0.0000
topTuneBoost_Web_alpha5 5 217 0.0000 0.0000 0.4337 0.1934 0.0000 2 '12-1111-12' 0.0000
topTuneBoost_Web_alpha5 5 218 0.0000 0.0000 0.1752 0.1296 0.0000 3 '01--0101-1' 0.0000
topTuneBoost_Web_alpha5 5 219 0.0000 0.0000 0.0000 0.0140 0.0000 5 '00-0-00---' 0.0000
topTuneBoost_Web_alpha5 5 220 0.0000 0.0000 0.0262 0.0520 0.0000 4 '000-0--10-' 0.0000
topTuneBoost_Web_alpha5 5 221 0.0000 0.0000 0.2102 0.1777 0.0000 4 '-12110--0-' 0.0000
topTuneBoost_Web_alpha5 5 222 0.0000 0.0000 0.2133 0.2014 0.0000 3 '100112-1--' 0.0000
topTuneBoost_Web_alpha5 5 223 0.1911 0.2000 0.4747 0.3225 0.1250 1 '20144113-0' 0.2500
topTuneBoost_Web_alpha5 5 224 0.0000 0.0000 0.3411 0.1935 0.0000 3 '2-001200--' 0.0000
topTuneBoost_Web_alpha5 5 225 0.0000 0.0000 0.0000 0.0000 0.0000 9 '0---------' 0.0000
topTuneBoost_Web_alpha5 5 226 0.0000 0.0000 0.0000 0.1260 0.0000 6 '00-00-----' 0.0000
topTuneBoost_Web_alpha5 5 227 0.8333 0.2000 0.6657 0.3767 0.7500 1 '414310033-' 1.0000
topTuneBoost_Web_alpha5 5 228 0.0000 0.0000 0.1335 0.1227 0.0000 3 '00210---00' 0.0000
topTuneBoost_Web_alpha5 5 229 0.0000 0.0000 0.6840 0.3222 0.0000 1 '2220200-22' 0.0000
topTuneBoost_Web_alpha5 5 230 0.0000 0.0000 0.2032 0.1782 0.0000 6 '1--001----' 0.0000
topTuneBoost_Web_alpha5 5 231 0.0000 0.0000 0.2505 0.2583 0.0000 5 '11-11----1' 0.0000
topTuneBoost_Web_alpha5 5 232 0.0000 0.0000 0.6489 0.2779 0.0000 1 '11111000-0' 0.0000
topTuneBoost_Web_alpha5 5 233 0.0000 0.0000 0.3879 0.1838 0.0000 4 '11-1--1-00' 0.0000
topTuneBoost_Web_alpha5 5 234 0.0000 0.0000 0.4700 0.2144 0.0000 3 '011111--1-' 0.0000
topTuneBoost_Web_alpha5 5 235 0.0000 0.0000 0.2996 0.2583 0.0000 6 '200--0----' 0.0000
topTuneBoost_Web_alpha5 5 236 0.0000 0.0000 0.5753 0.2595 0.0000 3 '1111-11-1-' 0.0000
topTuneBoost_Web_alpha5 5 237 0.0000 0.0000 0.0000 0.0000 0.0000 1 '-000000000' 0.0000
topTuneBoost_Web_alpha5 5 238 0.0000 0.0000 0.2490 0.1670 0.0000 4 '012010----' 0.0000
topTuneBoost_Web_alpha5 5 239 0.0000 0.0000 0.3360 0.1879 0.0000 1 '101101110-' 0.0000
topTuneBoost_Web_alpha5 5 240 0.0000 0.0000 0.1378 0.0731 0.0000 3 '-20-0-0110' 0.0000
topTuneBoost_Web_alpha5 5 241 0.0000 0.0000 0.0000 0.0779 0.0000 10 '----------' 0.0000
topTuneBoost_Web_alpha5 5 242 0.0000 0.0000 0.0000 0.0477 0.0000 3 '0000-00--0' 0.0000
topTuneBoost_Web_alpha5 5 243 0.0000 0.0000 0.2088 0.1127 0.0000 1 '001011.1-1' 0.0000
topTuneBoost_Web_alpha5 5 244 0.0000 0.0000 0.2274 0.2536 0.0000 3 '0110100---' 0.0000
topTuneBoost_Web_alpha5 5 245 0.0000 0.0000 0.0000 0.0227 0.0000 4 '0000-0-0--' 0.0000
topTuneBoost_Web_alpha5 5 246 0.0000 0.0000 0.1717 0.1019 0.0000 5 '20-0-00---' 0.0000
topTuneBoost_Web_alpha5 5 247 0.0000 0.0000 0.0698 0.0434 0.0000 5 '--001-0--0' 0.0000
topTuneBoost_Web_alpha5 5 248 0.0000 0.0000 0.0612 0.0631 0.0000 4 '0-00-20-0-' 0.0000
topTuneBoost_Web_alpha5 5 249 0.0000 0.0000 0.0665 0.1379 0.0000 8 '-------1-1' 0.0000
topTuneBoost_Web_alpha5 5 250 0.0000 0.0000 0.0000 0.0253 0.0000 7 '00-----0--' 0.0000
topTuneBoost_Web_alpha5 5 251 0.0000 0.0000 0.0694 0.0435 0.0000 9 '-1--------' 0.0000
topTuneBoost_Web_alpha5 5 252 0.0000 0.0000 0.1785 0.0981 0.0000 4 '1-1--0001-' 0.0000
topTuneBoost_Web_alpha5 5 253 0.0000 0.0000 0.2016 0.0940 0.0000 5 '1-121-0---' 0.0000
topTuneBoost_Web_alpha5 5 254 0.0000 0.0000 0.0000 0.0099 0.0000 8 '0-0-------' 0.0000
topTuneBoost_Web_alpha5 5 255 0.0000 0.0000 0.0000 0.0307 0.0000 7 '-0-00-----' 0.0000
topTuneBoost_Web_alpha5 5 256 0.0000 0.0000 0.1920 0.1325 0.0000 6 '1111------' 0.0000
topTuneBoost_Web_alpha5 5 257 0.2000 0.1000 0.2848 0.1594 0.0000 4 '01--4--230' 0.2000
topTuneBoost_Web_alpha5 5 258 0.0000 0.0000 0.0426 0.0316 0.0000 7 '0---1-0---' 0.0000
topTuneBoost_Web_alpha5 5 259 0.0000 0.0000 0.4505 0.1582 0.0000 3 '11-11-1-00' 0.0000
topTuneBoost_Web_alpha5 5 260 0.0000 0.0000 0.0000 0.0244 0.0000 8 '---0---0--' 0.0000
topTuneBoost_Web_alpha5 5 261 0.0000 0.0000 0.0000 0.0376 0.0000 8 '--00------' 0.0000
topTuneBoost_Web_alpha5 5 262 0.0000 0.0000 0.0575 0.0358 0.0000 8 '---1-----0' 0.0000
topTuneBoost_Web_alpha5 5 263 0.0000 0.0000 0.1632 0.0703 0.0000 6 '0-2-1----0' 0.0000
topTuneBoost_Web_alpha5 5 264 0.0000 0.0000 0.0347 0.0751 0.0000 8 '0------1--' 0.0000
topTuneBoost_Web_alpha5 5 265 0.3333 0.1000 0.3462 0.2929 0.0000 4 '004-3-20--' 0.3333
topTuneBoost_Web_alpha5 5 266 0.0749 0.0000 0.0660 0.0873 0.7500 9 '-----3----' 0.0769
topTuneBoost_Web_alpha5 5 267 0.0000 0.0000 0.0000 0.0057 0.0000 10 '----------' 0.0000
topTuneBoost_Web_alpha5 5 268 0.0000 0.0000 0.2146 0.0618 0.0000 6 '2-1--0---0' 0.0000
topTuneBoost_Web_alpha5 5 269 0.2500 0.1000 0.1255 0.0942 0.0000 5 '00040-----' 0.2500
topTuneBoost_Web_alpha5 5 270 0.0000 0.0000 0.1866 0.1384 0.0000 8 '2--------0' 0.0000
topTuneBoost_Web_alpha5 5 271 0.0000 0.0000 0.0000 0.0218 0.0000 9 '0---------' 0.0000
topTuneBoost_Web_alpha5 5 272 0.0000 0.0000 0.2133 0.0892 0.0000 4 '1-01102---' 0.0000
topTuneBoost_Web_alpha5 5 273 0.3537 0.3000 0.4917 0.3462 0.2800 3 '340-040-4-' 0.5000
topTuneBoost_Web_alpha5 5 274 0.0000 0.0000 0.0287 0.0449 0.0000 9 '-----1----' 0.0000
topTuneBoost_Web_alpha5 5 275 0.0000 0.0000 0.0000 0.0000 0.0000 7 '-0---0-0--' 0.0000
topTuneBoost_Web_alpha5 5 276 0.0000 0.0000 0.0724 0.0456 0.0000 8 '-1---1----' 0.0000
topTuneBoost_Web_alpha5 5 277 0.0000 0.0000 0.0000 0.0041 0.0000 8 '0--0------' 0.0000
topTuneBoost_Web_alpha5 5 278 0.0000 0.0000 0.0000 0.0000 0.0000 5 '-0--000-0-' 0.0000
topTuneBoost_Web_alpha5 5 279 0.0000 0.0000 0.1614 0.0930 0.0000 9 '2---------' 0.0000
topTuneBoost_Web_alpha5 5 280 0.0000 0.0000 0.0000 0.0360 0.0000 10 '----------' 0.0000
topTuneBoost_Web_alpha5 5 281 0.0000 0.0000 0.1024 0.0747 0.0000 6 '--110-0---' 0.0000
topTuneBoost_Web_alpha5 5 282 0.0000 0.0000 0.4154 0.1375 0.0000 4 '110-01-1--' 0.0000
topTuneBoost_Web_alpha5 5 283 0.0000 0.0000 0.2858 0.1261 0.0000 3 '1112-0--30' 0.0000
topTuneBoost_Web_alpha5 5 284 0.0000 0.0000 0.3304 0.1428 0.0000 6 '21--32----' 0.0000
topTuneBoost_Web_alpha5 5 285 0.0625 0.0000 0.1473 0.0737 0.0000 7 '-2-----1-2' 0.0625
topTuneBoost_Web_alpha5 5 286 0.0000 0.0000 0.0000 0.0400 0.0000 9 '------0---' 0.0000
topTuneBoost_Web_alpha5 5 287 0.0000 0.0000 0.0524 0.0259 0.0000 8 '0-----2---' 0.0000
topTuneBoost_Web_alpha5 5 288 0.0000 0.0000 0.0427 0.0609 0.0000 8 '-0-1------' 0.0000
topTuneBoost_Web_alpha5 5 289 0.0000 0.0000 0.0000 0.0134 0.0000 7 '--00---0--' 0.0000
topTuneBoost_Web_alpha5 5 290 0.0000 0.0000 0.0000 0.0235 0.0000 6 '----000-0-' 0.0000
topTuneBoost_Web_alpha5 5 291 0.0000 0.0000 0.0000 0.0201 0.0000 6 '00-0-----0' 0.0000
topTuneBoost_Web_alpha5 5 292 0.0000 0.0000 0.1153 0.0705 0.0000 8 '-1---2----' 0.0000
topTuneBoost_Web_alpha5 5 293 0.0000 0.0000 0.0000 0.0280 0.0000 9 '----0-----' 0.0000
topTuneBoost_Web_alpha5 5 294 0.0000 0.0000 0.0000 0.0218 0.0000 8 '---00-----' 0.0000
topTuneBoost_Web_alpha5 5 295 0.0000 0.0000 0.4015 0.1488 0.0000 4 '122-1-00--' 0.0000
topTuneBoost_Web_alpha5 5 296 0.0000 0.0000 0.0000 0.0413 0.0000 6 '-..00-----' 0.0000
topTuneBoost_Web_alpha5 5 297 0.0000 0.0000 0.1804 0.0732 0.0000 8 '1-0-------' 0.0000
topTuneBoost_Web_alpha5 5 298 0.0248 0.1000 0.1612 0.1564 0.3750 7 '1---2----4' 0.1000
topTuneBoost_Web_alpha5 5 299 0.0000 0.0000 0.0000 0.0000 0.0000 10 '----------' 0.0000
topTuneBoost_Web_alpha5 5 300 0.0000 0.0000 0.0368 0.0158 0.0000 9 '---------1' 0.0000
topTuneBoost_Web_alpha6 6 201 0.0000 0.0000 0.1602 0.1331 0.0000 1 '00-1011001' 0.0000
topTuneBoost_Web_alpha6 6 202 0.0909 0.0000 0.0000 0.2789 0.0000 0 '0000000000' 0.0909
topTuneBoost_Web_alpha6 6 203 0.0000 0.0000 0.3417 0.1643 0.0000 6 '3-2--1--1-' 0.0000
topTuneBoost_Web_alpha6 6 204 0.0000 0.0000 0.1237 0.1289 0.0000 5 '---00--310' 0.0000
topTuneBoost_Web_alpha6 6 205 0.0000 0.0000 0.0000 0.0314 0.0000 7 '-------000' 0.0000
topTuneBoost_Web_alpha6 6 206 0.0000 0.0000 0.0000 0.0697 0.0000 7 '-000------' 0.0000
topTuneBoost_Web_alpha6 6 207 0.0000 0.0000 0.1189 0.1339 0.0000 3 '0---210010' 0.0000
topTuneBoost_Web_alpha6 6 208 0.0000 0.0000 0.2724 0.2077 0.0000 1 '210-000001' 0.0000
topTuneBoost_Web_alpha6 6 209 0.0000 0.0000 0.0000 0.0284 0.0000 3 '-000000--0' 0.0000
topTuneBoost_Web_alpha6 6 210 0.0000 0.0000 0.0000 0.0885 0.0000 0 '0000000000' 0.0000
topTuneBoost_Web_alpha6 6 211 0.0000 0.0000 0.3228 0.1601 0.0000 5 '-13--2-11-' 0.0000
topTuneBoost_Web_alpha6 6 212 0.0000 0.0000 0.0000 0.0224 0.0000 7 '-0--0----0' 0.0000
topTuneBoost_Web_alpha6 6 213 0.0000 0.0000 0.2286 0.1998 0.0000 4 '-210--010-' 0.0000
topTuneBoost_Web_alpha6 6 214 0.0000 0.0000 0.2435 0.1923 0.0000 7 '1-1--2----' 0.0000
topTuneBoost_Web_alpha6 6 215 0.0000 0.0000 0.3976 0.2747 0.0000 4 '1-1-1-11-1' 0.0000
topTuneBoost_Web_alpha6 6 216 0.0000 0.0000 0.3616 0.1757 0.0000 2 '1112-21-21' 0.0000
topTuneBoost_Web_alpha6 6 217 0.0000 0.0000 0.4676 0.1901 0.0000 2 '21-111-121' 0.0000
topTuneBoost_Web_alpha6 6 218 0.0000 0.0000 0.2171 0.1362 0.0000 5 '1--0-1-11-' 0.0000
topTuneBoost_Web_alpha6 6 219 0.0000 0.0000 0.0000 0.0123 0.0000 6 '0-----0-00' 0.0000
topTuneBoost_Web_alpha6 6 220 0.0000 0.0000 0.0000 0.0511 0.0000 6 '00-0-0----' 0.0000
topTuneBoost_Web_alpha6 6 221 0.0000 0.0000 0.1467 0.1208 0.0000 5 '-0-11---21' 0.0000
topTuneBoost_Web_alpha6 6 222 0.0000 0.0000 0.2146 0.1867 0.0000 2 '1011-0021-' 0.0000
topTuneBoost_Web_alpha6 6 223 0.1868 0.2000 0.4747 0.3093 0.1250 1 '20144113-0' 0.2500
topTuneBoost_Web_alpha6 6 224 0.0000 0.0000 0.2025 0.1323 0.0000 6 '-2--0---02' 0.0000
topTuneBoost_Web_alpha6 6 225 0.0000 0.0000 0.0000 0.0000 0.0000 9 '0---------' 0.0000
topTuneBoost_Web_alpha6 6 226 0.0000 0.0000 0.0000 0.1209 0.0000 6 '00-00-----' 0.0000
topTuneBoost_Web_alpha6 6 227 0.6429 0.2000 0.5696 0.3278 0.5000 2 '4110334--0' 1.0000
topTuneBoost_Web_alpha6 6 228 0.0000 0.0000 0.1150 0.1074 0.0000 3 '01-0-0002-' 0.0000
topTuneBoost_Web_alpha6 6 229 0.0000 0.0000 0.6489 0.3231 0.0000 2 '22222000--' 0.0000
topTuneBoost_Web_alpha6 6 230 0.0000 0.0000 0.2032 0.1513 0.0000 6 '1--001----' 0.0000
topTuneBoost_Web_alpha6 6 231 0.0000 0.0000 0.2505 0.2440 0.0000 5 '11-11----1' 0.0000
topTuneBoost_Web_alpha6 6 232 0.0000 0.0000 0.6489 0.2648 0.0000 2 '11111000--' 0.0000
topTuneBoost_Web_alpha6 6 233 0.0000 0.0000 0.4479 0.1829 0.0000 4 '111---101-' 0.0000
topTuneBoost_Web_alpha6 6 234 0.0000 0.0000 0.4700 0.1950 0.0000 3 '011111--1-' 0.0000
topTuneBoost_Web_alpha6 6 235 0.0000 0.0000 0.1498 0.1292 0.0000 6 '--20--00--' 0.0000
topTuneBoost_Web_alpha6 6 236 0.0000 0.0000 0.4824 0.2356 0.0000 4 '11--11-1-1' 0.0000
topTuneBoost_Web_alpha6 6 237 0.0000 0.0000 0.0000 0.0000 0.0000 5 '0-000-0---' 0.0000
topTuneBoost_Web_alpha6 6 238 0.0000 0.0000 0.2907 0.1852 0.0000 4 '102001----' 0.0000
topTuneBoost_Web_alpha6 6 239 0.0000 0.0000 0.3290 0.1911 0.0000 4 '111011----' 0.0000
topTuneBoost_Web_alpha6 6 240 0.0000 0.0000 0.0926 0.0571 0.0000 6 '-2-0-00---' 0.0000
topTuneBoost_Web_alpha6 6 241 0.0000 0.0000 0.0000 0.0546 0.0000 10 '----------' 0.0000
topTuneBoost_Web_alpha6 6 242 0.0000 0.0000 0.0000 0.0326 0.0000 4 '00-0-00-0-' 0.0000
topTuneBoost_Web_alpha6 6 243 0.0000 0.0000 0.1867 0.1158 0.0000 2 '01001.1-1-' 0.0000
topTuneBoost_Web_alpha6 6 244 0.0000 0.0000 0.1225 0.1949 0.0000 6 '0--11-0---' 0.0000
topTuneBoost_Web_alpha6 6 245 0.0000 0.0000 0.0000 0.0143 0.0000 5 '00--00---0' 0.0000
topTuneBoost_Web_alpha6 6 246 0.0000 0.0000 0.1717 0.1007 0.0000 8 '2---0-----' 0.0000
topTuneBoost_Web_alpha6 6 247 0.0000 0.0000 0.0698 0.0434 0.0000 5 '--001-0--0' 0.0000
topTuneBoost_Web_alpha6 6 248 0.0000 0.0000 0.0496 0.0569 0.0000 8 '-0-------2' 0.0000
topTuneBoost_Web_alpha6 6 249 0.0000 0.0000 0.0347 0.1259 0.0000 9 '-------1--' 0.0000
topTuneBoost_Web_alpha6 6 250 0.0000 0.0000 0.0000 0.0240 0.0000 8 '----0---0-' 0.0000
topTuneBoost_Web_alpha6 6 251 0.0000 0.0000 0.0694 0.0421 0.0000 9 '-1--------' 0.0000
topTuneBoost_Web_alpha6 6 252 0.0000 0.0000 0.0652 0.0607 0.0000 7 '----01--1-' 0.0000
topTuneBoost_Web_alpha6 6 253 0.0000 0.0000 0.2005 0.0885 0.0000 5 '111--0--2-' 0.0000
topTuneBoost_Web_alpha6 6 254 0.0000 0.0000 0.0000 0.0028 0.0000 8 '0---0-----' 0.0000
topTuneBoost_Web_alpha6 6 255 0.0000 0.0000 0.0000 0.0367 0.0000 7 '-0----00--' 0.0000
topTuneBoost_Web_alpha6 6 256 0.0000 0.0000 0.1749 0.1069 0.0000 6 '11--1--1--' 0.0000
topTuneBoost_Web_alpha6 6 257 1.0000 0.1000 0.4966 0.2242 1.0000 5 '41--23---0' 1.0000
topTuneBoost_Web_alpha6 6 258 0.0000 0.0000 0.0347 0.0222 0.0000 7 '0---0--1--' 0.0000
topTuneBoost_Web_alpha6 6 259 0.0000 0.0000 0.2529 0.1232 0.0000 3 '-111-0000-' 0.0000
topTuneBoost_Web_alpha6 6 260 0.0000 0.0000 0.0000 0.0066 0.0000 9 '---0------' 0.0000
topTuneBoost_Web_alpha6 6 261 0.0000 0.0000 0.0000 0.0346 0.0000 9 '--0-------' 0.0000
topTuneBoost_Web_alpha6 6 262 0.0000 0.0000 0.0402 0.0273 0.0000 9 '--------1-' 0.0000
topTuneBoost_Web_alpha6 6 263 0.0000 0.0000 0.1177 0.0591 0.0000 7 '0-2------0' 0.0000
topTuneBoost_Web_alpha6 6 264 0.0000 0.0000 0.0000 0.0267 0.0000 8 '-0.-------' 0.0000
topTuneBoost_Web_alpha6 6 265 0.3333 0.1000 0.3326 0.2767 0.0000 4 '004-2--03-' 0.3333
topTuneBoost_Web_alpha6 6 266 0.0517 0.0000 0.0717 0.0809 0.3750 9 '----3-----' 0.0714
topTuneBoost_Web_alpha6 6 267 0.0000 0.0000 0.0000 0.0035 0.0000 10 '----------' 0.0000
topTuneBoost_Web_alpha6 6 268 0.0000 0.0000 0.2146 0.0591 0.0000 7 '2-1--0----' 0.0000
topTuneBoost_Web_alpha6 6 269 0.3333 0.1000 0.1457 0.1094 0.0000 5 '0040---0--' 0.3333
topTuneBoost_Web_alpha6 6 270 0.0000 0.0000 0.0804 0.0752 0.0000 9 '---2------' 0.0000
topTuneBoost_Web_alpha6 6 271 0.0000 0.0000 0.0000 0.0000 0.0000 9 '0---------' 0.0000
topTuneBoost_Web_alpha6 6 272 0.0000 0.0000 0.2172 0.0861 0.0000 4 '1-01120---' 0.0000
topTuneBoost_Web_alpha6 6 273 0.3806 0.3000 0.4091 0.2975 0.4000 3 '043-044--0' 0.5000
topTuneBoost_Web_alpha6 6 274 0.0000 0.0000 0.0269 0.0275 0.0000 9 '------1---' 0.0000
topTuneBoost_Web_alpha6 6 275 0.0000 0.0000 0.0000 0.0000 0.0000 7 '--00----0-' 0.0000
topTuneBoost_Web_alpha6 6 276 0.0000 0.0000 0.0452 0.0197 0.0000 7 '------011-' 0.0000
topTuneBoost_Web_alpha6 6 277 0.0000 0.0000 0.0000 0.0000 0.0000 8 '00--------' 0.0000
topTuneBoost_Web_alpha6 6 278 0.0000 0.0000 0.0000 0.0000 0.0000 9 '-0--------' 0.0000
topTuneBoost_Web_alpha6 6 279 0.0000 0.0000 0.1614 0.0927 0.0000 9 '2---------' 0.0000
topTuneBoost_Web_alpha6 6 280 0.0000 0.0000 0.0000 0.0306 0.0000 10 '----------' 0.0000
topTuneBoost_Web_alpha6 6 281 0.0000 0.0000 0.0900 0.0657 0.0000 7 '---110----' 0.0000
topTuneBoost_Web_alpha6 6 282 0.0000 0.0000 0.3844 0.1216 0.0000 5 '1110-0----' 0.0000
topTuneBoost_Web_alpha6 6 283 0.0000 0.0000 0.1713 0.1003 0.0000 6 '-1112-----' 0.0000
topTuneBoost_Web_alpha6 6 284 0.0000 0.0000 0.2118 0.1209 0.0000 7 '2-1-1-----' 0.0000
topTuneBoost_Web_alpha6 6 285 0.0625 0.0000 0.0862 0.0649 0.0000 9 '-2--------' 0.0625
topTuneBoost_Web_alpha6 6 286 0.0000 0.0000 0.0000 0.0259 0.0000 9 '---0------' 0.0000
topTuneBoost_Web_alpha6 6 287 0.0000 0.0000 0.0454 0.0224 0.0000 8 '0--------2' 0.0000
topTuneBoost_Web_alpha6 6 288 0.0000 0.0000 0.0496 0.0583 0.0000 8 '--1-----0-' 0.0000
topTuneBoost_Web_alpha6 6 289 0.0000 0.0000 0.0000 0.0142 0.0000 7 '---00-0---' 0.0000
topTuneBoost_Web_alpha6 6 290 0.0000 0.0000 0.0000 0.0171 0.0000 6 '--0--0--00' 0.0000
topTuneBoost_Web_alpha6 6 291 0.0000 0.0000 0.0000 0.0151 0.0000 7 '------000-' 0.0000
topTuneBoost_Web_alpha6 6 292 0.0000 0.0000 0.0000 0.0549 0.0000 10 '----------' 0.0000
topTuneBoost_Web_alpha6 6 293 0.0000 0.0000 0.0000 0.0209 0.0000 9 '-0--------' 0.0000
topTuneBoost_Web_alpha6 6 294 0.0000 0.0000 0.0000 0.0166 0.0000 8 '---00-----' 0.0000
topTuneBoost_Web_alpha6 6 295 0.0000 0.0000 0.3480 0.1329 0.0000 6 '1-22----1-' 0.0000
topTuneBoost_Web_alpha6 6 296 0.0000 0.0000 0.0000 0.0273 0.0000 7 '..--0-----' 0.0000
topTuneBoost_Web_alpha6 6 297 0.0000 0.0000 0.2325 0.0585 0.0000 7 '10-------1' 0.0000
topTuneBoost_Web_alpha6 6 298 0.0155 0.0000 0.0196 0.0999 0.3100 9 '-----1----' 0.0500
topTuneBoost_Web_alpha6 6 299 0.0000 0.0000 0.0000 0.0000 0.0000 10 '----------' 0.0000
topTuneBoost_Web_alpha6 6 300 0.0000 0.0000 0.0368 0.0158 0.0000 9 '---------1' 0.0000
topTuneBoost_Web_alpha7 7 201 0.0000 0.0000 0.1602 0.1273 0.0000 1 '0-01011001' 0.0000
topTuneBoost_Web_alpha7 7 202 0.1111 0.1000 0.3010 0.3010 0.0000 1 '000000004-' 0.1111
topTuneBoost_Web_alpha7 7 203 0.0000 0.0000 0.3600 0.1595 0.0000 6 '32---1---1' 0.0000
topTuneBoost_Web_alpha7 7 204 0.0000 0.0000 0.1182 0.1270 0.0000 5 '---00--031' 0.0000
topTuneBoost_Web_alpha7 7 205 0.0000 0.0000 0.0000 0.0131 0.0000 9 '---------0' 0.0000
topTuneBoost_Web_alpha7 7 206 0.0000 0.0000 0.0000 0.0693 0.0000 7 '-0-00-----' 0.0000
topTuneBoost_Web_alpha7 7 207 0.0000 0.0000 0.0939 0.1211 0.0000 4 '-0--2100-0' 0.0000
topTuneBoost_Web_alpha7 7 208 0.0000 0.0000 0.2724 0.1825 0.0000 1 '210-000001' 0.0000
topTuneBoost_Web_alpha7 7 209 0.0000 0.0000 0.0000 0.0278 0.0000 3 '-00000-0-0' 0.0000
topTuneBoost_Web_alpha7 7 210 0.0000 0.0000 0.0000 0.0888 0.0000 0 '0000000000' 0.0000
topTuneBoost_Web_alpha7 7 211 0.0000 0.0000 0.1988 0.1341 0.0000 8 '-13-------' 0.0000
topTuneBoost_Web_alpha7 7 212 0.0000 0.0000 0.0000 0.0222 0.0000 7 '-0--0----0' 0.0000
topTuneBoost_Web_alpha7 7 213 0.0000 0.0000 0.2286 0.2011 0.0000 4 '-210--010-' 0.0000
topTuneBoost_Web_alpha7 7 214 0.0000 0.0000 0.3168 0.1849 0.0000 6 '1-1--22---' 0.0000
topTuneBoost_Web_alpha7 7 215 0.0000 0.0000 0.3569 0.2690 0.0000 5 '1-1-1-11--' 0.0000
topTuneBoost_Web_alpha7 7 216 0.0000 0.0000 0.3616 0.1470 0.0000 2 '1112-21-21' 0.0000
topTuneBoost_Web_alpha7 7 217 0.0000 0.0000 0.4398 0.1797 0.0000 3 '211--111-2' 0.0000
topTuneBoost_Web_alpha7 7 218 0.0000 0.0000 0.1922 0.1357 0.0000 5 '1-01---10-' 0.0000
topTuneBoost_Web_alpha7 7 219 0.0000 0.0000 0.0000 0.0118 0.0000 6 '---0---000' 0.0000
topTuneBoost_Web_alpha7 7 220 0.0000 0.0000 0.0000 0.0481 0.0000 6 '00-0-0----' 0.0000
topTuneBoost_Web_alpha7 7 221 0.0000 0.0000 0.0924 0.0996 0.0000 6 '-0-1-1---1' 0.0000
topTuneBoost_Web_alpha7 7 222 0.0000 0.0000 0.2113 0.1858 0.0000 2 '101-10021-' 0.0000
topTuneBoost_Web_alpha7 7 223 0.1778 0.2000 0.4747 0.2840 0.1250 1 '20144113-0' 0.2500
topTuneBoost_Web_alpha7 7 224 0.0000 0.0000 0.1389 0.1149 0.0000 8 '-2---0----' 0.0000
topTuneBoost_Web_alpha7 7 225 0.0000 0.0000 0.0000 0.0000 0.0000 9 '0---------' 0.0000
topTuneBoost_Web_alpha7 7 226 0.0000 0.0000 0.0000 0.1163 0.0000 6 '00-00-----' 0.0000
topTuneBoost_Web_alpha7 7 227 0.5833 0.1000 0.4823 0.3155 0.5000 3 '411033--0-' 1.0000
topTuneBoost_Web_alpha7 7 228 0.0000 0.0000 0.1253 0.0910 0.0000 4 '01-0-200--' 0.0000
topTuneBoost_Web_alpha7 7 229 0.0000 0.0000 0.6489 0.3262 0.0000 2 '22222000--' 0.0000
topTuneBoost_Web_alpha7 7 230 0.0000 0.0000 0.2143 0.1502 0.0000 6 '1-010-----' 0.0000
topTuneBoost_Web_alpha7 7 231 0.0000 0.0000 0.2505 0.2426 0.0000 5 '11-11----1' 0.0000
topTuneBoost_Web_alpha7 7 232 0.0000 0.0000 0.4249 0.2029 0.0000 3 '1-110-000-' 0.0000
topTuneBoost_Web_alpha7 7 233 0.0000 0.0000 0.4502 0.1831 0.0000 4 '111---110-' 0.0000
topTuneBoost_Web_alpha7 7 234 0.0000 0.0000 0.4726 0.1709 0.0000 3 '011111-1--' 0.0000
topTuneBoost_Web_alpha7 7 235 0.0000 0.0000 0.1498 0.1292 0.0000 6 '--20--00--' 0.0000
topTuneBoost_Web_alpha7 7 236 0.0000 0.0000 0.4107 0.2029 0.0000 4 '1-1-1011--' 0.0000
topTuneBoost_Web_alpha7 7 237 0.0000 0.0000 0.0000 0.0000 0.0000 6 '00-----0-0' 0.0000
topTuneBoost_Web_alpha7 7 238 0.0000 0.0000 0.2907 0.1852 0.0000 5 '102-01----' 0.0000
topTuneBoost_Web_alpha7 7 239 0.0000 0.0000 0.3290 0.1796 0.0000 4 '111011----' 0.0000
topTuneBoost_Web_alpha7 7 240 0.0000 0.0000 0.0568 0.0412 0.0000 6 '----20--00' 0.0000
topTuneBoost_Web_alpha7 7 241 0.0000 0.0000 0.0000 0.0542 0.0000 10 '----------' 0.0000
topTuneBoost_Web_alpha7 7 242 0.0000 0.0000 0.0000 0.0339 0.0000 4 '00-0-0-00-' 0.0000
topTuneBoost_Web_alpha7 7 243 0.0000 0.0000 0.1527 0.1137 0.0000 3 '01001.1---' 0.0000
topTuneBoost_Web_alpha7 7 244 0.0000 0.0000 0.1113 0.1719 0.0000 5 '0---11-00-' 0.0000
topTuneBoost_Web_alpha7 7 245 0.0000 0.0000 0.0000 0.0000 0.0000 5 '00--00---0' 0.0000
topTuneBoost_Web_alpha7 7 246 0.0000 0.0000 0.1717 0.0916 0.0000 9 '2---------' 0.0000
topTuneBoost_Web_alpha7 7 247 0.0000 0.0000 0.0698 0.0434 0.0000 5 '--001-0--0' 0.0000
topTuneBoost_Web_alpha7 7 248 0.0000 0.0000 0.0000 0.0524 0.0000 9 '-------0--' 0.0000
topTuneBoost_Web_alpha7 7 249 0.0000 0.0000 0.0347 0.1246 0.0000 9 '-------1--' 0.0000
topTuneBoost_Web_alpha7 7 250 0.0000 0.0000 0.0000 0.0240 0.0000 8 '----0---0-' 0.0000
topTuneBoost_Web_alpha7 7 251 0.0000 0.0000 0.0694 0.0421 0.0000 9 '-1--------' 0.0000
topTuneBoost_Web_alpha7 7 252 0.0000 0.0000 0.0000 0.0386 0.0000 9 '----0-----' 0.0000
topTuneBoost_Web_alpha7 7 253 0.0000 0.0000 0.1563 0.0800 0.0000 6 '111---0---' 0.0000
topTuneBoost_Web_alpha7 7 254 0.0000 0.0000 0.0000 0.0000 0.0000 8 '0-------0-' 0.0000
topTuneBoost_Web_alpha7 7 255 0.0000 0.0000 0.0000 0.0365 0.0000 9 '-0--------' 0.0000
topTuneBoost_Web_alpha7 7 256 0.0000 0.0000 0.0557 0.0488 0.0000 8 '----11----' 0.0000
topTuneBoost_Web_alpha7 7 257 1.0000 0.1000 0.4927 0.2187 1.0000 6 '41--3--2--' 1.0000
topTuneBoost_Web_alpha7 7 258 0.0000 0.0000 0.0347 0.0218 0.0000 7 '0----0-1--' 0.0000
topTuneBoost_Web_alpha7 7 259 0.0000 0.0000 0.2529 0.1148 0.0000 3 '-11100-00-' 0.0000
topTuneBoost_Web_alpha7 7 260 0.0000 0.0000 0.0000 0.0000 0.0000 9 '---0------' 0.0000
topTuneBoost_Web_alpha7 7 261 0.0000 0.0000 0.0000 0.0291 0.0000 9 '--0-------' 0.0000
topTuneBoost_Web_alpha7 7 262 0.0000 0.0000 0.0386 0.0174 0.0000 9 '---------1' 0.0000
topTuneBoost_Web_alpha7 7 263 0.0000 0.0000 0.1177 0.0571 0.0000 8 '0-2-------' 0.0000
topTuneBoost_Web_alpha7 7 264 0.0000 0.0000 0.0000 0.0147 0.0000 8 '.0--------' 0.0000
topTuneBoost_Web_alpha7 7 265 0.3333 0.1000 0.3197 0.2565 0.0000 4 '0040--2--3' 0.3333
topTuneBoost_Web_alpha7 7 266 0.0682 0.0000 0.0618 0.0803 0.7500 9 '------3---' 0.0769
topTuneBoost_Web_alpha7 7 267 0.0000 0.0000 0.0000 0.0032 0.0000 10 '----------' 0.0000
topTuneBoost_Web_alpha7 7 268 0.0000 0.0000 0.2146 0.0591 0.0000 7 '2-1--0----' 0.0000
topTuneBoost_Web_alpha7 7 269 0.3333 0.1000 0.1457 0.1094 0.0000 5 '0040---0--' 0.3333
topTuneBoost_Web_alpha7 7 270 0.0000 0.0000 0.0722 0.0608 0.0000 9 '----2-----' 0.0000
topTuneBoost_Web_alpha7 7 271 0.0000 0.0000 0.0000 0.0000 0.0000 9 '0---------' 0.0000
topTuneBoost_Web_alpha7 7 272 0.0000 0.0000 0.2172 0.0854 0.0000 5 '1-0112----' 0.0000
topTuneBoost_Web_alpha7 7 273 0.3806 0.3000 0.4091 0.2934 0.4800 4 '043-044---' 0.5000
topTuneBoost_Web_alpha7 7 274 0.0000 0.0000 0.0255 0.0301 0.0000 9 '-------1--' 0.0000
topTuneBoost_Web_alpha7 7 275 0.0000 0.0000 0.0000 0.0000 0.0000 7 '-00-----0-' 0.0000
topTuneBoost_Web_alpha7 7 276 0.0000 0.0000 0.0231 0.0159 0.0000 8 '------01--' 0.0000
topTuneBoost_Web_alpha7 7 277 0.0000 0.0000 0.0000 0.0000 0.0000 8 '0-0-------' 0.0000
topTuneBoost_Web_alpha7 7 278 0.0000 0.0000 0.0000 0.0000 0.0000 9 '-0--------' 0.0000
topTuneBoost_Web_alpha7 7 279 0.0000 0.0000 0.1614 0.0924 0.0000 9 '2---------' 0.0000
topTuneBoost_Web_alpha7 7 280 0.0000 0.0000 0.0000 0.0274 0.0000 10 '----------' 0.0000
topTuneBoost_Web_alpha7 7 281 0.0000 0.0000 0.0900 0.0637 0.0000 7 '---110----' 0.0000
topTuneBoost_Web_alpha7 7 282 0.0000 0.0000 0.3279 0.0854 0.0000 6 '1-011-----' 0.0000
topTuneBoost_Web_alpha7 7 283 0.0000 0.0000 0.0697 0.0582 0.0000 6 '------1110' 0.0000
topTuneBoost_Web_alpha7 7 284 0.0000 0.0000 0.2067 0.1033 0.0000 7 '2--11-----' 0.0000
topTuneBoost_Web_alpha7 7 285 0.0476 0.0000 0.0862 0.0578 0.0000 9 '-2--------' 0.0476
topTuneBoost_Web_alpha7 7 286 0.0000 0.0000 0.0000 0.0204 0.0000 9 '------0---' 0.0000
topTuneBoost_Web_alpha7 7 287 0.0000 0.0000 0.0000 0.0113 0.0000 8 '0-0-------' 0.0000
topTuneBoost_Web_alpha7 7 288 0.0000 0.0000 0.0496 0.0409 0.0000 8 '--1-----0-' 0.0000
topTuneBoost_Web_alpha7 7 289 0.0000 0.0000 0.0000 0.0143 0.0000 7 '---00-0---' 0.0000
topTuneBoost_Web_alpha7 7 290 0.0000 0.0000 0.0000 0.0000 0.0000 6 '--0-0---00' 0.0000
topTuneBoost_Web_alpha7 7 291 0.0000 0.0000 0.0000 0.0121 0.0000 7 '------00-0' 0.0000
topTuneBoost_Web_alpha7 7 292 0.0000 0.0000 0.0000 0.0501 0.0000 10 '----------' 0.0000
topTuneBoost_Web_alpha7 7 293 0.0000 0.0000 0.0000 0.0156 0.0000 9 '-0--------' 0.0000
topTuneBoost_Web_alpha7 7 294 0.0000 0.0000 0.0000 0.0149 0.0000 8 '----00----' 0.0000
topTuneBoost_Web_alpha7 7 295 0.0000 0.0000 0.3467 0.1307 0.0000 6 '1-22-----1' 0.0000
topTuneBoost_Web_alpha7 7 296 0.0000 0.0000 0.0000 0.0175 0.0000 7 '..--0-----' 0.0000
topTuneBoost_Web_alpha7 7 297 0.0000 0.0000 0.2325 0.0518 0.0000 7 '10-------1' 0.0000
topTuneBoost_Web_alpha7 7 298 0.0091 0.0000 0.0159 0.0718 0.2425 9 '---------1' 0.0278
topTuneBoost_Web_alpha7 7 299 0.0000 0.0000 0.0000 0.0000 0.0000 10 '----------' 0.0000
topTuneBoost_Web_alpha7 7 300 0.0000 0.0000 0.0384 0.0165 0.0000 9 '--------1-' 0.0000
topTuneBoost_Web_alpha8 8 201 0.0000 0.0000 0.1602 0.1272 0.0000 1 '-001011001' 0.0000
topTuneBoost_Web_alpha8 8 202 0.1429 0.1000 0.3333 0.3333 0.0000 1 '000000400-' 0.1429
topTuneBoost_Web_alpha8 8 203 0.0000 0.0000 0.3600 0.1575 0.0000 6 '32---1---1' 0.0000
topTuneBoost_Web_alpha8 8 204 0.0000 0.0000 0.1182 0.1143 0.0000 5 '---00--031' 0.0000
topTuneBoost_Web_alpha8 8 205 0.0000 0.0000 0.0000 0.0000 0.0000 9 '---------0' 0.0000
topTuneBoost_Web_alpha8 8 206 0.0000 0.0000 0.0000 0.0688 0.0000 7 '-0-00-----' 0.0000
topTuneBoost_Web_alpha8 8 207 0.0000 0.0000 0.0939 0.1068 0.0000 4 '-0--21-000' 0.0000
topTuneBoost_Web_alpha8 8 208 0.0000 0.0000 0.2724 0.1825 0.0000 1 '210-000001' 0.0000
topTuneBoost_Web_alpha8 8 209 0.0000 0.0000 0.0000 0.0276 0.0000 3 '-00000--00' 0.0000
topTuneBoost_Web_alpha8 8 210 0.0000 0.0000 0.0000 0.0827 0.0000 0 '0000000000' 0.0000
topTuneBoost_Web_alpha8 8 211 0.0000 0.0000 0.1988 0.1189 0.0000 8 '-13-------' 0.0000
topTuneBoost_Web_alpha8 8 212 0.0000 0.0000 0.0000 0.0220 0.0000 7 '--0--0---0' 0.0000
topTuneBoost_Web_alpha8 8 213 0.0000 0.0000 0.2286 0.1921 0.0000 4 '-210--010-' 0.0000
topTuneBoost_Web_alpha8 8 214 0.0000 0.0000 0.3515 0.1836 0.0000 5 '1-1--221--' 0.0000
topTuneBoost_Web_alpha8 8 215 0.0000 0.0000 0.3523 0.2646 0.0000 5 '1-1-1--11-' 0.0000
topTuneBoost_Web_alpha8 8 216 0.0000 0.0000 0.3586 0.1445 0.0000 3 '1112-2-1-3' 0.0000
topTuneBoost_Web_alpha8 8 217 0.0000 0.0000 0.4320 0.1660 0.0000 3 '21-1-11-12' 0.0000
topTuneBoost_Web_alpha8 8 218 0.0000 0.0000 0.1966 0.1257 0.0000 5 '1-01-1--0-' 0.0000
topTuneBoost_Web_alpha8 8 219 0.0000 0.0000 0.0000 0.0061 0.0000 7 '------0-00' 0.0000
topTuneBoost_Web_alpha8 8 220 0.0000 0.0000 0.0000 0.0457 0.0000 6 '00--0---0-' 0.0000
topTuneBoost_Web_alpha8 8 221 0.0000 0.0000 0.0904 0.0870 0.0000 6 '-0-1--1--1' 0.0000
topTuneBoost_Web_alpha8 8 222 0.0000 0.0000 0.2090 0.1814 0.0000 2 '101-01021-' 0.0000
topTuneBoost_Web_alpha8 8 223 0.1750 0.2000 0.4719 0.2685 0.1250 1 '201441103-' 0.2500
topTuneBoost_Web_alpha8 8 224 0.0000 0.0000 0.1389 0.1178 0.0000 8 '-2---0----' 0.0000
topTuneBoost_Web_alpha8 8 225 0.0000 0.0000 0.0000 0.0000 0.0000 9 '0---------' 0.0000
topTuneBoost_Web_alpha8 8 226 0.0000 0.0000 0.0000 0.1163 0.0000 6 '00-00-----' 0.0000
topTuneBoost_Web_alpha8 8 227 0.5175 0.1000 0.4778 0.2885 0.5000 4 '41103-3---' 1.0000
topTuneBoost_Web_alpha8 8 228 0.0000 0.0000 0.1211 0.0870 0.0000 6 '010---2---' 0.0000
topTuneBoost_Web_alpha8 8 229 0.0000 0.0000 0.6489 0.3239 0.0000 2 '22222000--' 0.0000
topTuneBoost_Web_alpha8 8 230 0.0000 0.0000 0.2143 0.1473 0.0000 6 '1-010-----' 0.0000
topTuneBoost_Web_alpha8 8 231 0.0000 0.0000 0.2505 0.2420 0.0000 5 '11-11----1' 0.0000
topTuneBoost_Web_alpha8 8 232 0.0000 0.0000 0.2201 0.1296 0.0000 6 '1-0-00----' 0.0000
topTuneBoost_Web_alpha8 8 233 0.0000 0.0000 0.4450 0.1803 0.0000 4 '111----110' 0.0000
topTuneBoost_Web_alpha8 8 234 0.0000 0.0000 0.4630 0.1513 0.0000 3 '0111-111--' 0.0000
topTuneBoost_Web_alpha8 8 235 0.0000 0.0000 0.1498 0.1292 0.0000 5 '--20--000-' 0.0000
topTuneBoost_Web_alpha8 8 236 0.0000 0.0000 0.3474 0.1886 0.0000 5 '1-10-1---1' 0.0000
topTuneBoost_Web_alpha8 8 237 0.0000 0.0000 0.0000 0.0000 0.0000 7 '00------0-' 0.0000
topTuneBoost_Web_alpha8 8 238 0.0000 0.0000 0.2468 0.1804 0.0000 7 '102-------' 0.0000
topTuneBoost_Web_alpha8 8 239 0.0000 0.0000 0.3340 0.1766 0.0000 4 '111101----' 0.0000
topTuneBoost_Web_alpha8 8 240 0.0000 0.0000 0.0442 0.0340 0.0000 8 '----0---2-' 0.0000
topTuneBoost_Web_alpha8 8 241 0.0000 0.0000 0.0000 0.0531 0.0000 10 '----------' 0.0000
topTuneBoost_Web_alpha8 8 242 0.0000 0.0000 0.0000 0.0356 0.0000 4 '00-0-0-00-' 0.0000
topTuneBoost_Web_alpha8 8 243 0.0000 0.0000 0.1527 0.1111 0.0000 3 '01001.1---' 0.0000
topTuneBoost_Web_alpha8 8 244 0.0000 0.0000 0.0972 0.1485 0.0000 6 '0-----11-0' 0.0000
topTuneBoost_Web_alpha8 8 245 0.0000 0.0000 0.0000 0.0000 0.0000 6 '00---00---' 0.0000
topTuneBoost_Web_alpha8 8 246 0.0000 0.0000 0.1717 0.0914 0.0000 9 '2---------' 0.0000
topTuneBoost_Web_alpha8 8 247 0.0000 0.0000 0.0698 0.0434 0.0000 5 '--001-0--0' 0.0000
topTuneBoost_Web_alpha8 8 248 0.0000 0.0000 0.0496 0.0538 0.0000 9 '---------2' 0.0000
topTuneBoost_Web_alpha8 8 249 0.0000 0.0000 0.0347 0.1239 0.0000 9 '-------1--' 0.0000
topTuneBoost_Web_alpha8 8 250 0.0000 0.0000 0.0000 0.0240 0.0000 8 '----0---0-' 0.0000
topTuneBoost_Web_alpha8 8 251 0.0000 0.0000 0.0694 0.0419 0.0000 9 '-1--------' 0.0000
topTuneBoost_Web_alpha8 8 252 0.0000 0.0000 0.0000 0.0212 0.0000 9 '-----0----' 0.0000
topTuneBoost_Web_alpha8 8 253 0.0000 0.0000 0.1563 0.0798 0.0000 6 '111---0---' 0.0000
topTuneBoost_Web_alpha8 8 254 0.0000 0.0000 0.0000 0.0000 0.0000 9 '0---------' 0.0000
topTuneBoost_Web_alpha8 8 255 0.0000 0.0000 0.0000 0.0361 0.0000 9 '-0--------' 0.0000
topTuneBoost_Web_alpha8 8 256 0.0000 0.0000 0.0290 0.0420 0.0000 9 '----1-----' 0.0000
topTuneBoost_Web_alpha8 8 257 1.0000 0.1000 0.4826 0.2024 1.0000 6 '4-1-3--2--' 1.0000
topTuneBoost_Web_alpha8 8 258 0.0000 0.0000 0.0347 0.0206 0.0000 7 '0----0-1--' 0.0000
topTuneBoost_Web_alpha8 8 259 0.0000 0.0000 0.1901 0.0938 0.0000 3 '-00111-00-' 0.0000
topTuneBoost_Web_alpha8 8 260 0.0000 0.0000 0.0000 0.0000 0.0000 9 '---0------' 0.0000
topTuneBoost_Web_alpha8 8 261 0.0000 0.0000 0.0000 0.0271 0.0000 9 '--0-------' 0.0000
topTuneBoost_Web_alpha8 8 262 0.0000 0.0000 0.0386 0.0119 0.0000 9 '---------1' 0.0000
topTuneBoost_Web_alpha8 8 263 0.0000 0.0000 0.1177 0.0563 0.0000 8 '0-2-------' 0.0000
topTuneBoost_Web_alpha8 8 264 0.0000 0.0000 0.0000 0.0126 0.0000 8 '.---0-----' 0.0000
topTuneBoost_Web_alpha8 8 265 0.3333 0.1000 0.1809 0.2214 0.0000 6 '0040------' 0.3333
topTuneBoost_Web_alpha8 8 266 0.0813 0.0000 0.0536 0.0779 0.7500 9 '---------3' 0.0769
topTuneBoost_Web_alpha8 8 267 0.0000 0.0000 0.0000 0.0030 0.0000 10 '----------' 0.0000
topTuneBoost_Web_alpha8 8 268 0.0000 0.0000 0.2146 0.0591 0.0000 7 '2-1--0----' 0.0000
topTuneBoost_Web_alpha8 8 269 0.3333 0.1000 0.1457 0.1094 0.0000 5 '0040--0---' 0.3333
topTuneBoost_Web_alpha8 8 270 0.0000 0.0000 0.0722 0.0562 0.0000 9 '----2-----' 0.0000
topTuneBoost_Web_alpha8 8 271 0.0000 0.0000 0.0000 0.0000 0.0000 9 '0---------' 0.0000
topTuneBoost_Web_alpha8 8 272 0.0000 0.0000 0.2172 0.0852 0.0000 5 '1-0112----' 0.0000
topTuneBoost_Web_alpha8 8 273 0.3806 0.3000 0.4091 0.2836 0.4800 4 '043-044---' 0.5000
topTuneBoost_Web_alpha8 8 274 0.0000 0.0000 0.0255 0.0298 0.0000 9 '-------1--' 0.0000
topTuneBoost_Web_alpha8 8 275 0.0000 0.0000 0.0000 0.0000 0.0000 7 '-00----0--' 0.0000
topTuneBoost_Web_alpha8 8 276 0.0000 0.0000 0.0000 0.0108 0.0000 10 '----------' 0.0000
topTuneBoost_Web_alpha8 8 277 0.0000 0.0000 0.0000 0.0000 0.0000 8 '0-0-------' 0.0000
topTuneBoost_Web_alpha8 8 278 0.0000 0.0000 0.0000 0.0000 0.0000 9 '-0--------' 0.0000
topTuneBoost_Web_alpha8 8 279 0.0000 0.0000 0.1614 0.0923 0.0000 9 '2---------' 0.0000
topTuneBoost_Web_alpha8 8 280 0.0000 0.0000 0.0000 0.0256 0.0000 10 '----------' 0.0000
topTuneBoost_Web_alpha8 8 281 0.0000 0.0000 0.0900 0.0508 0.0000 7 '---110----' 0.0000
topTuneBoost_Web_alpha8 8 282 0.0000 0.0000 0.2377 0.0631 0.0000 6 '-0111-----' 0.0000
topTuneBoost_Web_alpha8 8 283 0.0000 0.0000 0.0000 0.0449 0.0000 10 '----------' 0.0000
topTuneBoost_Web_alpha8 8 284 0.0000 0.0000 0.2045 0.0986 0.0000 7 '2--1-1----' 0.0000
topTuneBoost_Web_alpha8 8 285 0.0278 0.0000 0.0862 0.0482 0.0000 9 '-2--------' 0.0278
topTuneBoost_Web_alpha8 8 286 0.0000 0.0000 0.0592 0.0236 0.0000 8 '-----2--0-' 0.0000
topTuneBoost_Web_alpha8 8 287 0.0000 0.0000 0.0000 0.0000 0.0000 8 '0-0-------' 0.0000
topTuneBoost_Web_alpha8 8 288 0.0000 0.0000 0.0496 0.0357 0.0000 8 '--1------0' 0.0000
topTuneBoost_Web_alpha8 8 289 0.0000 0.0000 0.0000 0.0143 0.0000 7 '---00-0---' 0.0000
topTuneBoost_Web_alpha8 8 290 0.0000 0.0000 0.0000 0.0000 0.0000 5 '--0-0-000-' 0.0000
topTuneBoost_Web_alpha8 8 291 0.0000 0.0000 0.0000 0.0090 0.0000 7 '------00-0' 0.0000
topTuneBoost_Web_alpha8 8 292 0.0000 0.0000 0.0000 0.0490 0.0000 10 '----------' 0.0000
topTuneBoost_Web_alpha8 8 293 0.0000 0.0000 0.0000 0.0059 0.0000 9 '-0--------' 0.0000
topTuneBoost_Web_alpha8 8 294 0.0000 0.0000 0.0000 0.0148 0.0000 8 '----00----' 0.0000
topTuneBoost_Web_alpha8 8 295 0.0000 0.0000 0.3541 0.1315 0.0000 6 '1-22-1----' 0.0000
topTuneBoost_Web_alpha8 8 296 0.0000 0.0000 0.0000 0.0140 0.0000 6 '..--0----0' 0.0000
topTuneBoost_Web_alpha8 8 297 0.0000 0.0000 0.2325 0.0520 0.0000 7 '10-------1' 0.0000
topTuneBoost_Web_alpha8 8 298 0.0048 0.0000 0.0000 0.0439 0.1750 10 '----------' 0.0213
topTuneBoost_Web_alpha8 8 299 0.0000 0.0000 0.0000 0.0000 0.0000 10 '----------' 0.0000
topTuneBoost_Web_alpha8 8 300 0.0000 0.0000 0.0402 0.0173 0.0000 9 '-------1--' 0.0000
topTuneBoost_Web_alpha9 9 201 0.0000 0.0000 0.1602 0.1265 0.0000 1 '-001011001' 0.0000
topTuneBoost_Web_alpha9 9 202 0.1429 0.1000 0.3333 0.3333 0.0000 1 '000000400-' 0.1429
topTuneBoost_Web_alpha9 9 203 0.0000 0.0000 0.3600 0.1573 0.0000 6 '32---1---1' 0.0000
topTuneBoost_Web_alpha9 9 204 0.0000 0.0000 0.1182 0.1117 0.0000 5 '---00--031' 0.0000
topTuneBoost_Web_alpha9 9 205 0.0000 0.0000 0.0000 0.0000 0.0000 9 '---------0' 0.0000
topTuneBoost_Web_alpha9 9 206 0.0000 0.0000 0.0000 0.0686 0.0000 7 '-0--00----' 0.0000
topTuneBoost_Web_alpha9 9 207 0.0000 0.0000 0.0939 0.0967 0.0000 4 '-0--21-000' 0.0000
topTuneBoost_Web_alpha9 9 208 0.0000 0.0000 0.2724 0.1825 0.0000 1 '210-000001' 0.0000
topTuneBoost_Web_alpha9 9 209 0.0000 0.0000 0.0000 0.0276 0.0000 3 '-00000--00' 0.0000
topTuneBoost_Web_alpha9 9 210 0.0000 0.0000 0.0000 0.0826 0.0000 2 '00000000--' 0.0000
topTuneBoost_Web_alpha9 9 211 0.0000 0.0000 0.2333 0.1251 0.0000 8 '1-3-------' 0.0000
topTuneBoost_Web_alpha9 9 212 0.0000 0.0000 0.0000 0.0219 0.0000 7 '--0--0---0' 0.0000
topTuneBoost_Web_alpha9 9 213 0.0000 0.0000 0.2286 0.1908 0.0000 4 '-210--010-' 0.0000
topTuneBoost_Web_alpha9 9 214 0.0000 0.0000 0.3613 0.1831 0.0000 4 '11--1-121-' 0.0000
topTuneBoost_Web_alpha9 9 215 0.0000 0.0000 0.3079 0.2572 0.0000 6 '1-1-1---1-' 0.0000
topTuneBoost_Web_alpha9 9 216 0.0000 0.0000 0.3586 0.1427 0.0000 3 '1112-2-1-3' 0.0000
topTuneBoost_Web_alpha9 9 217 0.0000 0.0000 0.3500 0.1567 0.0000 5 '21-1-11---' 0.0000
topTuneBoost_Web_alpha9 9 218 0.0000 0.0000 0.1966 0.1179 0.0000 5 '1-01-1-0--' 0.0000
topTuneBoost_Web_alpha9 9 219 0.0000 0.0000 0.0000 0.0061 0.0000 7 '------0-00' 0.0000
topTuneBoost_Web_alpha9 9 220 0.0000 0.0000 0.0000 0.0442 0.0000 6 '00--0----0' 0.0000
topTuneBoost_Web_alpha9 9 221 0.0000 0.0000 0.0904 0.0820 0.0000 6 '-0-1--1--1' 0.0000
topTuneBoost_Web_alpha9 9 222 0.0000 0.0000 0.2090 0.1816 0.0000 2 '101-01021-' 0.0000
topTuneBoost_Web_alpha9 9 223 0.1737 0.2000 0.4696 0.2534 0.1250 1 '20144110-3' 0.2500
topTuneBoost_Web_alpha9 9 224 0.0000 0.0000 0.1389 0.1153 0.0000 8 '-2---0----' 0.0000
topTuneBoost_Web_alpha9 9 225 0.0000 0.0000 0.0000 0.0000 0.0000 9 '0---------' 0.0000
topTuneBoost_Web_alpha9 9 226 0.0000 0.0000 0.0000 0.1023 0.0000 6 '00-00-----' 0.0000
topTuneBoost_Web_alpha9 9 227 0.5089 0.1000 0.4778 0.2754 0.5000 4 '41103-3---' 1.0000
topTuneBoost_Web_alpha9 9 228 0.0000 0.0000 0.1211 0.0816 0.0000 6 '010---2---' 0.0000
topTuneBoost_Web_alpha9 9 229 0.0000 0.0000 0.6489 0.3234 0.0000 2 '22222000--' 0.0000
topTuneBoost_Web_alpha9 9 230 0.0000 0.0000 0.2143 0.1453 0.0000 6 '1-010-----' 0.0000
topTuneBoost_Web_alpha9 9 231 0.0000 0.0000 0.2437 0.2334 0.0000 5 '11--11---1' 0.0000
topTuneBoost_Web_alpha9 9 232 0.0000 0.0000 0.0851 0.0695 0.0000 6 '-0-010----' 0.0000
topTuneBoost_Web_alpha9 9 233 0.0000 0.0000 0.4450 0.1796 0.0000 4 '111----110' 0.0000
topTuneBoost_Web_alpha9 9 234 0.0000 0.0000 0.4630 0.1475 0.0000 3 '0111-111--' 0.0000
topTuneBoost_Web_alpha9 9 235 0.0000 0.0000 0.1498 0.1292 0.0000 5 '--20--000-' 0.0000
topTuneBoost_Web_alpha9 9 236 0.0000 0.0000 0.3434 0.1793 0.0000 5 '1-01-11---' 0.0000
topTuneBoost_Web_alpha9 9 237 0.0000 0.0000 0.0000 0.0000 0.0000 8 '00--------' 0.0000
topTuneBoost_Web_alpha9 9 238 0.0000 0.0000 0.2297 0.1605 0.0000 7 '10-2------' 0.0000
topTuneBoost_Web_alpha9 9 239 0.0000 0.0000 0.3340 0.1765 0.0000 4 '111101----' 0.0000
topTuneBoost_Web_alpha9 9 240 0.0000 0.0000 0.0000 0.0265 0.0000 9 '-----0----' 0.0000
topTuneBoost_Web_alpha9 9 241 0.0000 0.0000 0.0000 0.0501 0.0000 10 '----------' 0.0000
topTuneBoost_Web_alpha9 9 242 0.0000 0.0000 0.0000 0.0354 0.0000 4 '00-0-0-00-' 0.0000
topTuneBoost_Web_alpha9 9 243 0.0000 0.0000 0.1553 0.1050 0.0000 3 '010011.---' 0.0000
topTuneBoost_Web_alpha9 9 244 0.0000 0.0000 0.0972 0.1325 0.0000 6 '0-----11-0' 0.0000
topTuneBoost_Web_alpha9 9 245 0.0000 0.0000 0.0000 0.0000 0.0000 6 '00---00---' 0.0000
topTuneBoost_Web_alpha9 9 246 0.0000 0.0000 0.1717 0.0872 0.0000 9 '2---------' 0.0000
topTuneBoost_Web_alpha9 9 247 0.0000 0.0000 0.0698 0.0434 0.0000 5 '--001-0--0' 0.0000
topTuneBoost_Web_alpha9 9 248 0.0000 0.0000 0.0496 0.0477 0.0000 9 '---------2' 0.0000
topTuneBoost_Web_alpha9 9 249 0.0000 0.0000 0.0347 0.1146 0.0000 9 '-------1--' 0.0000
topTuneBoost_Web_alpha9 9 250 0.0000 0.0000 0.0000 0.0240 0.0000 8 '----0----0' 0.0000
topTuneBoost_Web_alpha9 9 251 0.0000 0.0000 0.0694 0.0366 0.0000 9 '-1--------' 0.0000
topTuneBoost_Web_alpha9 9 252 0.0000 0.0000 0.0000 0.0176 0.0000 9 '-----0----' 0.0000
topTuneBoost_Web_alpha9 9 253 0.0000 0.0000 0.1563 0.0797 0.0000 6 '111---0---' 0.0000
topTuneBoost_Web_alpha9 9 254 0.0000 0.0000 0.0000 0.0000 0.0000 9 '0---------' 0.0000
topTuneBoost_Web_alpha9 9 255 0.0000 0.0000 0.0000 0.0372 0.0000 9 '-0--------' 0.0000
topTuneBoost_Web_alpha9 9 256 0.0000 0.0000 0.0236 0.0328 0.0000 9 '-------1--' 0.0000
topTuneBoost_Web_alpha9 9 257 1.0000 0.1000 0.4826 0.1936 1.0000 6 '4-1-3--2--' 1.0000
topTuneBoost_Web_alpha9 9 258 0.0000 0.0000 0.0347 0.0182 0.0000 7 '0----0-1--' 0.0000
topTuneBoost_Web_alpha9 9 259 0.0000 0.0000 0.1901 0.0879 0.0000 3 '-00111-00-' 0.0000
topTuneBoost_Web_alpha9 9 260 0.0000 0.0000 0.0000 0.0000 0.0000 9 '---0------' 0.0000
topTuneBoost_Web_alpha9 9 261 0.0000 0.0000 0.0000 0.0261 0.0000 9 '--0-------' 0.0000
topTuneBoost_Web_alpha9 9 262 0.0000 0.0000 0.0386 0.0118 0.0000 9 '---------1' 0.0000
topTuneBoost_Web_alpha9 9 263 0.0000 0.0000 0.1177 0.0454 0.0000 8 '0-2-------' 0.0000
topTuneBoost_Web_alpha9 9 264 0.0000 0.0000 0.0000 0.0000 0.0000 8 '.---0-----' 0.0000
topTuneBoost_Web_alpha9 9 265 0.3333 0.1000 0.1809 0.1927 0.0000 6 '0040------' 0.3333
topTuneBoost_Web_alpha9 9 266 0.0876 0.0000 0.0536 0.0721 0.7500 9 '---------3' 0.0769
topTuneBoost_Web_alpha9 9 267 0.0000 0.0000 0.0000 0.0000 0.0000 10 '----------' 0.0000
topTuneBoost_Web_alpha9 9 268 0.0000 0.0000 0.2146 0.0591 0.0000 7 '2-1--0----' 0.0000
topTuneBoost_Web_alpha9 9 269 0.3333 0.1000 0.1457 0.1094 0.0000 5 '0040--0---' 0.3333
topTuneBoost_Web_alpha9 9 270 0.0000 0.0000 0.0722 0.0560 0.0000 9 '----2-----' 0.0000
topTuneBoost_Web_alpha9 9 271 0.0000 0.0000 0.0000 0.0000 0.0000 9 '0---------' 0.0000
topTuneBoost_Web_alpha9 9 272 0.0000 0.0000 0.2172 0.0848 0.0000 5 '1-0112----' 0.0000
topTuneBoost_Web_alpha9 9 273 0.3806 0.3000 0.4091 0.2836 0.4800 4 '043-044---' 0.5000
topTuneBoost_Web_alpha9 9 274 0.0000 0.0000 0.0255 0.0295 0.0000 9 '-------1--' 0.0000
topTuneBoost_Web_alpha9 9 275 0.0000 0.0000 0.0000 0.0000 0.0000 7 '-00----0--' 0.0000
topTuneBoost_Web_alpha9 9 276 0.0000 0.0000 0.0000 0.0078 0.0000 10 '----------' 0.0000
topTuneBoost_Web_alpha9 9 277 0.0000 0.0000 0.0000 0.0000 0.0000 8 '0--0------' 0.0000
topTuneBoost_Web_alpha9 9 278 0.0000 0.0000 0.0000 0.0000 0.0000 9 '-0--------' 0.0000
topTuneBoost_Web_alpha9 9 279 0.0000 0.0000 0.1614 0.0922 0.0000 9 '2---------' 0.0000
topTuneBoost_Web_alpha9 9 280 0.0000 0.0000 0.0000 0.0247 0.0000 10 '----------' 0.0000
topTuneBoost_Web_alpha9 9 281 0.0000 0.0000 0.0900 0.0510 0.0000 7 '---110----' 0.0000
topTuneBoost_Web_alpha9 9 282 0.0000 0.0000 0.2146 0.0522 0.0000 6 '-01--11---' 0.0000
topTuneBoost_Web_alpha9 9 283 0.0000 0.0000 0.0000 0.0256 0.0000 10 '----------' 0.0000
topTuneBoost_Web_alpha9 9 284 0.0000 0.0000 0.2012 0.0964 0.0000 7 '2---11----' 0.0000
topTuneBoost_Web_alpha9 9 285 0.0118 0.0000 0.0862 0.0441 0.0000 9 '-2--------' 0.0118
topTuneBoost_Web_alpha9 9 286 0.0000 0.0000 0.0643 0.0243 0.0000 9 '----2-----' 0.0000
topTuneBoost_Web_alpha9 9 287 0.0000 0.0000 0.0000 0.0000 0.0000 8 '0-0-------' 0.0000
topTuneBoost_Web_alpha9 9 288 0.0000 0.0000 0.0496 0.0246 0.0000 8 '--1------0' 0.0000
topTuneBoost_Web_alpha9 9 289 0.0000 0.0000 0.0000 0.0143 0.0000 7 '---00-0---' 0.0000
topTuneBoost_Web_alpha9 9 290 0.0000 0.0000 0.0000 0.0000 0.0000 6 '--0-0---00' 0.0000
topTuneBoost_Web_alpha9 9 291 0.0000 0.0000 0.0000 0.0000 0.0000 7 '-------000' 0.0000
topTuneBoost_Web_alpha9 9 292 0.0000 0.0000 0.0000 0.0472 0.0000 10 '----------' 0.0000
topTuneBoost_Web_alpha9 9 293 0.0000 0.0000 0.0000 0.0054 0.0000 9 '-0--------' 0.0000
topTuneBoost_Web_alpha9 9 294 0.0000 0.0000 0.0000 0.0148 0.0000 8 '----00----' 0.0000
topTuneBoost_Web_alpha9 9 295 0.0000 0.0000 0.3541 0.1284 0.0000 6 '1-22-1----' 0.0000
topTuneBoost_Web_alpha9 9 296 0.0000 0.0000 0.0000 0.0112 0.0000 6 '..-----00-' 0.0000
topTuneBoost_Web_alpha9 9 297 0.0000 0.0000 0.2325 0.0521 0.0000 7 '10-------1' 0.0000
topTuneBoost_Web_alpha9 9 298 0.0041 0.0000 0.0000 0.0425 0.1750 10 '----------' 0.0169
topTuneBoost_Web_alpha9 9 299 0.0000 0.0000 0.0000 0.0000 0.0000 10 '----------' 0.0000
topTuneBoost_Web_alpha9 9 300 0.0000 0.0000 0.0402 0.0173 0.0000 9 '-------1--' 0.0000
