schema alpha  QueryNum map p10 ndcg10 ndcg1000 bpref unjudged relString rr
topBm25fTuneBoost_Hard2005_alpha0 0 303 0.3865 0.4000 0.5104 0.7786 0.3893 0 '2200200020' 1.0000
topBm25fTuneBoost_Hard2005_alpha0 0 307 0.3022 0.9000 0.4987 0.5000 0.4112 0 '1111111102' 1.0000
topBm25fTuneBoost_Hard2005_alpha0 0 310 0.0954 0.5000 0.3444 0.3224 0.1221 0 '1011120000' 1.0000
topBm25fTuneBoost_Hard2005_alpha0 0 314 0.0019 0.0000 0.0000 0.0698 0.0106 0 '0000000000' 0.0556
topBm25fTuneBoost_Hard2005_alpha0 0 322 0.0065 0.1000 0.0851 0.1032 0.0215 0 '0000200000' 0.2000
topBm25fTuneBoost_Hard2005_alpha0 0 325 0.4008 0.2000 0.1228 0.7069 0.5820 0 '0100000001' 0.5000
topBm25fTuneBoost_Hard2005_alpha0 0 330 0.2664 0.8000 0.6489 0.6940 0.2556 0 '1011111011' 1.0000
topBm25fTuneBoost_Hard2005_alpha0 0 336 0.4335 0.8000 0.4694 0.6726 0.4308 0 '0121211101' 0.5000
topBm25fTuneBoost_Hard2005_alpha0 0 341 0.1014 0.1000 0.1407 0.3928 0.1176 0 '1000000000' 1.0000
topBm25fTuneBoost_Hard2005_alpha0 0 344 0.0452 0.3000 0.2018 0.2287 0.0990 2 '1-10001-00' 1.0000
topBm25fTuneBoost_Hard2005_alpha0 0 345 0.0302 0.0000 0.0000 0.3098 0.0000 0 '0000000000' 0.0909
topBm25fTuneBoost_Hard2005_alpha0 0 347 0.2300 0.7000 0.6118 0.5731 0.2936 0 '0220220222' 0.5000
topBm25fTuneBoost_Hard2005_alpha0 0 353 0.0559 0.0000 0.0000 0.2849 0.0249 0 '0000000000' 0.0909
topBm25fTuneBoost_Hard2005_alpha0 0 354 0.1563 0.8000 0.8553 0.4753 0.3724 0 '2222202202' 1.0000
topBm25fTuneBoost_Hard2005_alpha0 0 362 0.2209 0.7000 0.4699 0.5075 0.2835 0 '1112100021' 1.0000
topBm25fTuneBoost_Hard2005_alpha0 0 363 0.1111 0.3000 0.3125 0.4544 0.1738 0 '0220000002' 0.5000
topBm25fTuneBoost_Hard2005_alpha0 0 367 0.0555 0.1000 0.0851 0.3674 0.0560 0 '0000200000' 0.2000
topBm25fTuneBoost_Hard2005_alpha0 0 372 0.0868 0.1000 0.0698 0.4465 0.0742 0 '0001000000' 0.2500
topBm25fTuneBoost_Hard2005_alpha0 0 374 0.5158 0.7000 0.6660 0.8306 0.6402 0 '2020221220' 1.0000
topBm25fTuneBoost_Hard2005_alpha0 0 375 0.2062 0.3000 0.2974 0.6434 0.1500 0 '0100101000' 0.5000
topBm25fTuneBoost_Hard2005_alpha0 0 378 0.1210 0.0000 0.0000 0.4658 0.1494 0 '0000000000' 0.0833
topBm25fTuneBoost_Hard2005_alpha0 0 383 0.0383 0.0000 0.0000 0.2714 0.0706 0 '0000000000' 0.0500
topBm25fTuneBoost_Hard2005_alpha0 0 389 0.0252 0.0000 0.0000 0.2067 0.0588 0 '0000000000' 0.0500
topBm25fTuneBoost_Hard2005_alpha0 0 393 0.0370 0.2000 0.1357 0.2480 0.0706 0 '0000000220' 0.1250
topBm25fTuneBoost_Hard2005_alpha0 0 394 0.4711 1.0000 1.0000 0.7065 0.4834 0 '1111111111' 1.0000
topBm25fTuneBoost_Hard2005_alpha0 0 397 0.0357 0.3000 0.3188 0.1751 0.0728 0 '0101100000' 0.5000
topBm25fTuneBoost_Hard2005_alpha0 0 399 0.2035 0.6000 0.6244 0.4459 0.3237 0 '2201022020' 1.0000
topBm25fTuneBoost_Hard2005_alpha0 0 401 0.0769 0.2000 0.1642 0.3828 0.0958 0 '0002000200' 0.2500
topBm25fTuneBoost_Hard2005_alpha0 0 404 0.2493 0.3000 0.2152 0.5636 0.4169 0 '0020002001' 0.3333
topBm25fTuneBoost_Hard2005_alpha0 0 408 0.0965 0.1000 0.0851 0.4224 0.0956 0 '0000200000' 0.2000
topBm25fTuneBoost_Hard2005_alpha0 0 409 0.3083 0.4000 0.2843 0.7072 0.3139 0 '0200110002' 0.5000
topBm25fTuneBoost_Hard2005_alpha0 0 416 0.3398 0.5000 0.2397 0.7031 0.3057 0 '0111000110' 0.5000
topBm25fTuneBoost_Hard2005_alpha0 0 419 0.0879 0.2000 0.1737 0.3449 0.1315 0 '0020000002' 0.3333
topBm25fTuneBoost_Hard2005_alpha0 0 426 0.0804 0.0000 0.0000 0.3419 0.1725 0 '0000000000' 0.0714
topBm25fTuneBoost_Hard2005_alpha0 0 427 0.2742 0.8000 0.6033 0.5762 0.3098 0 '1200112222' 1.0000
topBm25fTuneBoost_Hard2005_alpha0 0 433 0.0744 0.1000 0.2201 0.2962 0.0384 0 '2000000000' 1.0000
topBm25fTuneBoost_Hard2005_alpha0 0 435 0.2020 0.3000 0.1528 0.5607 0.2250 0 '0000120001' 0.2000
topBm25fTuneBoost_Hard2005_alpha0 0 436 0.4598 0.6000 0.3616 0.6378 0.6122 0 '0120111002' 0.5000
topBm25fTuneBoost_Hard2005_alpha0 0 439 0.0387 0.2000 0.1110 0.2756 0.0754 0 '0001000002' 0.2500
topBm25fTuneBoost_Hard2005_alpha0 0 443 0.0900 0.2000 0.1584 0.3787 0.2167 0 '0002000002' 0.2500
topBm25fTuneBoost_Hard2005_alpha0 0 448 0.0147 0.0000 0.0000 0.2068 0.0180 0 '0000000000' 0.0909
topBm25fTuneBoost_Hard2005_alpha0 0 622 0.1993 0.9000 0.8666 0.5828 0.3414 0 '2212202222' 1.0000
topBm25fTuneBoost_Hard2005_alpha0 0 625 0.0133 0.1000 0.1100 0.1339 0.0150 0 '1000000000' 1.0000
topBm25fTuneBoost_Hard2005_alpha0 0 638 0.1194 0.5000 0.2663 0.3404 0.2903 1 '001211-100' 0.3333
topBm25fTuneBoost_Hard2005_alpha0 0 639 0.1689 0.1000 0.0318 0.4687 0.2773 0 '0000000001' 0.1000
topBm25fTuneBoost_Hard2005_alpha0 0 648 0.5511 1.0000 0.7365 0.7880 0.5447 0 '2121112211' 1.0000
topBm25fTuneBoost_Hard2005_alpha0 0 650 0.0361 0.1000 0.1053 0.3141 0.0527 0 '0002000000' 0.2500
topBm25fTuneBoost_Hard2005_alpha0 0 651 0.0038 0.0000 0.0000 0.0749 0.0191 0 '0000000000' 0.0333
topBm25fTuneBoost_Hard2005_alpha0 0 658 0.2015 0.5000 0.3192 0.5372 0.2623 0 '0100200122' 0.5000
topBm25fTuneBoost_Hard2005_alpha0 0 689 0.0326 0.0000 0.0000 0.2679 0.0677 0 '0000000000' 0.0476
topBm25fTuneBoost_Hard2005_alpha1 1 303 0.3856 0.4000 0.5135 0.7791 0.3883 0 '2200200200' 1.0000
topBm25fTuneBoost_Hard2005_alpha1 1 307 0.3048 1.0000 0.5331 0.5031 0.4125 0 '1111111121' 1.0000
topBm25fTuneBoost_Hard2005_alpha1 1 310 0.0841 0.5000 0.3237 0.3112 0.1143 0 '1011000120' 1.0000
topBm25fTuneBoost_Hard2005_alpha1 1 314 0.0019 0.0000 0.0000 0.0698 0.0106 0 '0000000000' 0.0556
topBm25fTuneBoost_Hard2005_alpha1 1 322 0.0054 0.1000 0.0784 0.0916 0.0208 0 '0000020000' 0.1667
topBm25fTuneBoost_Hard2005_alpha1 1 325 0.4085 0.2000 0.1228 0.7063 0.5888 0 '0100000001' 0.5000
topBm25fTuneBoost_Hard2005_alpha1 1 330 0.2794 0.8000 0.6489 0.7051 0.2776 0 '1011111011' 1.0000
topBm25fTuneBoost_Hard2005_alpha1 1 336 0.4412 0.8000 0.4694 0.6754 0.4348 0 '0121211101' 0.5000
topBm25fTuneBoost_Hard2005_alpha1 1 341 0.1029 0.1000 0.1407 0.3941 0.1205 0 '1000000000' 1.0000
topBm25fTuneBoost_Hard2005_alpha1 1 344 0.0421 0.3000 0.2018 0.2185 0.0886 2 '1-10001-00' 1.0000
topBm25fTuneBoost_Hard2005_alpha1 1 345 0.0304 0.0000 0.0000 0.3103 0.0000 0 '0000000000' 0.0909
topBm25fTuneBoost_Hard2005_alpha1 1 347 0.2346 0.7000 0.6118 0.5849 0.2939 0 '0220220222' 0.5000
topBm25fTuneBoost_Hard2005_alpha1 1 353 0.0580 0.0000 0.0000 0.2874 0.0249 0 '0000000000' 0.0909
topBm25fTuneBoost_Hard2005_alpha1 1 354 0.1658 0.8000 0.8604 0.4846 0.3854 0 '2222220202' 1.0000
topBm25fTuneBoost_Hard2005_alpha1 1 362 0.2187 0.7000 0.4699 0.5123 0.2739 0 '1112100021' 1.0000
topBm25fTuneBoost_Hard2005_alpha1 1 363 0.1132 0.3000 0.3125 0.4652 0.1713 0 '0220000002' 0.5000
topBm25fTuneBoost_Hard2005_alpha1 1 367 0.0558 0.1000 0.0851 0.3678 0.0564 0 '0000200000' 0.2000
topBm25fTuneBoost_Hard2005_alpha1 1 372 0.0899 0.1000 0.0698 0.4438 0.0800 0 '0001000000' 0.2500
topBm25fTuneBoost_Hard2005_alpha1 1 374 0.5319 0.7000 0.6635 0.8374 0.6511 0 '2020212220' 1.0000
topBm25fTuneBoost_Hard2005_alpha1 1 375 0.2086 0.3000 0.2974 0.6450 0.1488 0 '0100101000' 0.5000
topBm25fTuneBoost_Hard2005_alpha1 1 378 0.1249 0.0000 0.0000 0.4688 0.1535 0 '0000000000' 0.0833
topBm25fTuneBoost_Hard2005_alpha1 1 383 0.0365 0.0000 0.0000 0.2688 0.0651 0 '0000000000' 0.0476
topBm25fTuneBoost_Hard2005_alpha1 1 389 0.0230 0.0000 0.0000 0.2054 0.0534 0 '0000000000' 0.0455
topBm25fTuneBoost_Hard2005_alpha1 1 393 0.0362 0.2000 0.1357 0.2468 0.0695 0 '0000000220' 0.1250
topBm25fTuneBoost_Hard2005_alpha1 1 394 0.4709 1.0000 1.0000 0.7064 0.4830 0 '1111111111' 1.0000
topBm25fTuneBoost_Hard2005_alpha1 1 397 0.0356 0.3000 0.3188 0.1995 0.0726 0 '0101100000' 0.5000
topBm25fTuneBoost_Hard2005_alpha1 1 399 0.1930 0.6000 0.6204 0.4400 0.3186 0 '2201020220' 1.0000
topBm25fTuneBoost_Hard2005_alpha1 1 401 0.0808 0.2000 0.1642 0.3868 0.1065 0 '0002000200' 0.2500
topBm25fTuneBoost_Hard2005_alpha1 1 404 0.2494 0.3000 0.2113 0.5687 0.4126 0 '0020000201' 0.3333
topBm25fTuneBoost_Hard2005_alpha1 1 408 0.0968 0.1000 0.0851 0.4226 0.0954 0 '0000200000' 0.2000
topBm25fTuneBoost_Hard2005_alpha1 1 409 0.3052 0.4000 0.2875 0.7048 0.3158 0 '0201000201' 0.5000
topBm25fTuneBoost_Hard2005_alpha1 1 416 0.3425 0.5000 0.2397 0.7043 0.3080 0 '0111000110' 0.5000
topBm25fTuneBoost_Hard2005_alpha1 1 419 0.0856 0.2000 0.1737 0.3431 0.1315 0 '0020000002' 0.3333
topBm25fTuneBoost_Hard2005_alpha1 1 426 0.0657 0.0000 0.0000 0.2990 0.1545 0 '0000000000' 0.0714
topBm25fTuneBoost_Hard2005_alpha1 1 427 0.2739 0.8000 0.6033 0.5762 0.3103 0 '1200112222' 1.0000
topBm25fTuneBoost_Hard2005_alpha1 1 433 0.0744 0.1000 0.2201 0.2965 0.0370 0 '2000000000' 1.0000
topBm25fTuneBoost_Hard2005_alpha1 1 435 0.2171 0.3000 0.1528 0.5742 0.2444 0 '0000120001' 0.2000
topBm25fTuneBoost_Hard2005_alpha1 1 436 0.4569 0.6000 0.3760 0.6322 0.6065 0 '0210111002' 0.5000
topBm25fTuneBoost_Hard2005_alpha1 1 439 0.0376 0.2000 0.1110 0.2709 0.0698 0 '0001000002' 0.2500
topBm25fTuneBoost_Hard2005_alpha1 1 443 0.0906 0.2000 0.1584 0.3793 0.2169 0 '0002000002' 0.2500
topBm25fTuneBoost_Hard2005_alpha1 1 448 0.0166 0.0000 0.0000 0.2217 0.0178 0 '0000000000' 0.0833
topBm25fTuneBoost_Hard2005_alpha1 1 622 0.1990 0.9000 0.8742 0.5903 0.3411 0 '2221202222' 1.0000
topBm25fTuneBoost_Hard2005_alpha1 1 625 0.0142 0.1000 0.1100 0.1408 0.0219 0 '1000000000' 1.0000
topBm25fTuneBoost_Hard2005_alpha1 1 638 0.1218 0.5000 0.2683 0.3414 0.2853 1 '0012111-00' 0.3333
topBm25fTuneBoost_Hard2005_alpha1 1 639 0.1722 0.1000 0.0318 0.4750 0.2779 0 '0000000001' 0.1000
topBm25fTuneBoost_Hard2005_alpha1 1 648 0.5584 1.0000 0.7365 0.7904 0.5481 0 '2121112211' 1.0000
topBm25fTuneBoost_Hard2005_alpha1 1 650 0.0353 0.1000 0.1053 0.3128 0.0557 0 '0002000000' 0.2500
topBm25fTuneBoost_Hard2005_alpha1 1 651 0.0048 0.0000 0.0000 0.1092 0.0190 0 '0000000000' 0.0312
topBm25fTuneBoost_Hard2005_alpha1 1 658 0.1949 0.4000 0.2555 0.5353 0.2519 0 '0100200120' 0.5000
topBm25fTuneBoost_Hard2005_alpha1 1 689 0.0320 0.0000 0.0000 0.2620 0.0689 0 '0000000000' 0.0476
topBm25fTuneBoost_Hard2005_alpha10 10 303 0.1432 0.4000 0.3063 0.3700 0.2708 0 '0000222200' 0.2000
topBm25fTuneBoost_Hard2005_alpha10 10 307 0.0184 0.4000 0.3360 0.1100 0.0753 1 '20010010-1' 1.0000
topBm25fTuneBoost_Hard2005_alpha10 10 310 0.0006 0.0000 0.0000 0.0512 0.0109 0 '0000000000' 0.0033
topBm25fTuneBoost_Hard2005_alpha10 10 314 0.0001 0.0000 0.0000 0.0110 0.0061 7 '--00--0---' 0.0034
topBm25fTuneBoost_Hard2005_alpha10 10 322 0.0001 0.0000 0.0000 0.0127 0.0000 3 '---0000000' 0.0016
topBm25fTuneBoost_Hard2005_alpha10 10 325 0.2404 0.3000 0.1341 0.4701 0.4649 4 '-0-0-111-0' 0.1667
topBm25fTuneBoost_Hard2005_alpha10 10 330 0.1691 0.5000 0.5450 0.4327 0.3944 3 '11--20-110' 1.0000
topBm25fTuneBoost_Hard2005_alpha10 10 336 0.1440 0.4000 0.2739 0.3795 0.2642 1 '10-0112000' 1.0000
topBm25fTuneBoost_Hard2005_alpha10 10 341 0.1206 0.0000 0.0000 0.2918 0.1768 0 '0000000000' 0.0833
topBm25fTuneBoost_Hard2005_alpha10 10 344 0.0099 0.1000 0.1100 0.0985 0.0150 9 '1---------' 1.0000
topBm25fTuneBoost_Hard2005_alpha10 10 345 0.0000 0.0000 0.0000 0.0000 0.0000 1 '00000-0000' 0.0000
topBm25fTuneBoost_Hard2005_alpha10 10 347 0.0765 0.1000 0.0636 0.3362 0.3068 6 '----000--2' 0.1000
topBm25fTuneBoost_Hard2005_alpha10 10 353 0.0543 0.4000 0.2235 0.1641 0.1451 1 '00000-1111' 0.1429
topBm25fTuneBoost_Hard2005_alpha10 10 354 0.0751 0.2000 0.3590 0.3530 0.3674 8 '22--------' 1.0000
topBm25fTuneBoost_Hard2005_alpha10 10 362 0.0506 0.5000 0.5072 0.2695 0.1375 1 '022222000-' 0.5000
topBm25fTuneBoost_Hard2005_alpha10 10 363 0.0298 0.2000 0.2935 0.1936 0.1131 3 '200-0-2-00' 1.0000
topBm25fTuneBoost_Hard2005_alpha10 10 367 0.0223 0.0000 0.0000 0.2199 0.0881 5 '-0--0-00-0' 0.0435
topBm25fTuneBoost_Hard2005_alpha10 10 372 0.0290 0.0000 0.0000 0.2254 0.0894 4 '-0-0000--0' 0.0833
topBm25fTuneBoost_Hard2005_alpha10 10 374 0.3667 0.8000 0.6631 0.6810 0.6261 1 '222111-011' 1.0000
topBm25fTuneBoost_Hard2005_alpha10 10 375 0.0460 0.4000 0.4355 0.1933 0.0940 0 '1000011001' 1.0000
topBm25fTuneBoost_Hard2005_alpha10 10 378 0.0229 0.1000 0.2201 0.1809 0.0377 1 '10000000-0' 1.0000
topBm25fTuneBoost_Hard2005_alpha10 10 383 0.0015 0.0000 0.0000 0.0492 0.0311 2 '00000--000' 0.0159
topBm25fTuneBoost_Hard2005_alpha10 10 389 0.0051 0.0000 0.0000 0.0415 0.0352 3 '00-000-0-0' 0.0556
topBm25fTuneBoost_Hard2005_alpha10 10 393 0.0026 0.1000 0.0851 0.0288 0.0182 3 '000020---0' 0.2000
topBm25fTuneBoost_Hard2005_alpha10 10 394 0.1163 0.8000 0.8268 0.2603 0.1391 1 '111-101111' 1.0000
topBm25fTuneBoost_Hard2005_alpha10 10 397 0.0252 0.0000 0.0000 0.2968 0.0407 4 '-0-00000--' 0.0072
topBm25fTuneBoost_Hard2005_alpha10 10 399 0.0214 0.5000 0.4799 0.1302 0.0980 2 '20200211--' 1.0000
topBm25fTuneBoost_Hard2005_alpha10 10 401 0.0417 0.3000 0.4690 0.1759 0.0991 5 '222--0--0-' 1.0000
topBm25fTuneBoost_Hard2005_alpha10 10 404 0.0400 0.8000 0.5767 0.1899 0.1348 1 '21112-0111' 1.0000
topBm25fTuneBoost_Hard2005_alpha10 10 408 0.0299 0.2000 0.1428 0.1690 0.1339 1 '000000220-' 0.1429
topBm25fTuneBoost_Hard2005_alpha10 10 409 0.0321 0.6000 0.3941 0.1341 0.1191 0 '0110221200' 0.5000
topBm25fTuneBoost_Hard2005_alpha10 10 416 0.2978 0.7000 0.4777 0.5899 0.3993 2 '21-1011-11' 1.0000
topBm25fTuneBoost_Hard2005_alpha10 10 419 0.0073 0.0000 0.0000 0.1122 0.0311 4 '0-00---000' 0.0769
topBm25fTuneBoost_Hard2005_alpha10 10 426 0.0031 0.0000 0.0000 0.0886 0.0853 8 '-----0---0' 0.0049
topBm25fTuneBoost_Hard2005_alpha10 10 427 0.0045 0.1000 0.0474 0.0506 0.0577 6 '0001------' 0.2500
topBm25fTuneBoost_Hard2005_alpha10 10 433 0.0012 0.0000 0.0000 0.0544 0.0000 5 '00---000--' 0.0055
topBm25fTuneBoost_Hard2005_alpha10 10 435 0.0782 0.1000 0.0318 0.2353 0.2375 4 '0000--0--1' 0.1000
topBm25fTuneBoost_Hard2005_alpha10 10 436 0.0367 0.8000 0.6210 0.1751 0.1017 0 '2121100112' 1.0000
topBm25fTuneBoost_Hard2005_alpha10 10 439 0.0174 0.0000 0.0000 0.1689 0.1693 7 '000-------' 0.0625
topBm25fTuneBoost_Hard2005_alpha10 10 443 0.0154 0.2000 0.1795 0.1352 0.1226 1 '-020000200' 0.3333
topBm25fTuneBoost_Hard2005_alpha10 10 448 0.0047 0.0000 0.0000 0.1061 0.0239 6 '0------000' 0.0041
topBm25fTuneBoost_Hard2005_alpha10 10 622 0.1065 0.7000 0.7133 0.2745 0.1835 0 '2022202022' 1.0000
topBm25fTuneBoost_Hard2005_alpha10 10 625 0.0101 0.1000 0.2201 0.1110 0.0121 1 '20000000-0' 1.0000
topBm25fTuneBoost_Hard2005_alpha10 10 638 0.0043 0.0000 0.0000 0.0939 0.0947 5 '00000-----' 0.0556
topBm25fTuneBoost_Hard2005_alpha10 10 639 0.0289 0.5000 0.2511 0.1347 0.1430 0 '0111101000' 0.5000
topBm25fTuneBoost_Hard2005_alpha10 10 648 0.1328 0.5000 0.4695 0.3372 0.2556 3 '1122200---' 1.0000
topBm25fTuneBoost_Hard2005_alpha10 10 650 0.0040 0.0000 0.0000 0.0914 0.0000 0 '0000000000' 0.0204
topBm25fTuneBoost_Hard2005_alpha10 10 651 0.0026 0.0000 0.0000 0.0670 0.0625 4 '000000----' 0.0556
topBm25fTuneBoost_Hard2005_alpha10 10 658 0.0362 0.1000 0.0392 0.2139 0.1744 0 '0000010000' 0.1667
topBm25fTuneBoost_Hard2005_alpha10 10 689 0.0394 0.2000 0.1635 0.1961 0.1426 3 '0---220000' 0.2000
topBm25fTuneBoost_Hard2005_alpha2 2 303 0.3862 0.4000 0.5175 0.7817 0.3879 0 '2200202000' 1.0000
topBm25fTuneBoost_Hard2005_alpha2 2 307 0.3066 1.0000 0.5649 0.5057 0.4133 0 '1111111122' 1.0000
topBm25fTuneBoost_Hard2005_alpha2 2 310 0.0780 0.4000 0.2523 0.3050 0.1041 0 '1011000001' 1.0000
topBm25fTuneBoost_Hard2005_alpha2 2 314 0.0016 0.0000 0.0000 0.0601 0.0106 0 '0000000000' 0.0556
topBm25fTuneBoost_Hard2005_alpha2 2 322 0.0048 0.1000 0.0784 0.0788 0.0218 0 '0000020000' 0.1667
topBm25fTuneBoost_Hard2005_alpha2 2 325 0.4171 0.2000 0.1228 0.7087 0.5992 0 '0100000001' 0.5000
topBm25fTuneBoost_Hard2005_alpha2 2 330 0.2954 0.8000 0.6489 0.7150 0.3049 0 '1011111011' 1.0000
topBm25fTuneBoost_Hard2005_alpha2 2 336 0.4477 0.8000 0.4694 0.6774 0.4450 0 '0121211101' 0.5000
topBm25fTuneBoost_Hard2005_alpha2 2 341 0.1052 0.1000 0.1407 0.4033 0.1249 0 '1000000000' 1.0000
topBm25fTuneBoost_Hard2005_alpha2 2 344 0.0391 0.3000 0.2018 0.2111 0.0770 2 '1-10001-00' 1.0000
topBm25fTuneBoost_Hard2005_alpha2 2 345 0.0326 0.1000 0.0708 0.3148 0.0123 0 '0000000010' 0.1111
topBm25fTuneBoost_Hard2005_alpha2 2 347 0.2366 0.7000 0.6157 0.5876 0.2937 0 '0220222022' 0.5000
topBm25fTuneBoost_Hard2005_alpha2 2 353 0.0587 0.0000 0.0000 0.2880 0.0340 0 '0000000000' 0.0833
topBm25fTuneBoost_Hard2005_alpha2 2 354 0.1714 0.8000 0.8553 0.4860 0.3921 0 '2222202202' 1.0000
topBm25fTuneBoost_Hard2005_alpha2 2 362 0.2088 0.7000 0.4666 0.5050 0.2600 0 '1112010021' 1.0000
topBm25fTuneBoost_Hard2005_alpha2 2 363 0.1130 0.3000 0.3125 0.4609 0.1667 0 '0220000002' 0.5000
topBm25fTuneBoost_Hard2005_alpha2 2 367 0.0557 0.1000 0.0784 0.3668 0.0567 0 '0000020000' 0.1667
topBm25fTuneBoost_Hard2005_alpha2 2 372 0.0924 0.1000 0.0698 0.4461 0.0803 0 '0001000000' 0.2500
topBm25fTuneBoost_Hard2005_alpha2 2 374 0.5489 0.7000 0.6635 0.8447 0.6630 0 '2020212220' 1.0000
topBm25fTuneBoost_Hard2005_alpha2 2 375 0.2108 0.3000 0.2974 0.6465 0.1504 0 '0100101000' 0.5000
topBm25fTuneBoost_Hard2005_alpha2 2 378 0.1265 0.0000 0.0000 0.4704 0.1568 0 '0000000000' 0.0833
topBm25fTuneBoost_Hard2005_alpha2 2 383 0.0340 0.0000 0.0000 0.2648 0.0570 0 '0000000000' 0.0417
topBm25fTuneBoost_Hard2005_alpha2 2 389 0.0213 0.0000 0.0000 0.2073 0.0473 0 '0000000000' 0.0417
topBm25fTuneBoost_Hard2005_alpha2 2 393 0.0352 0.2000 0.1357 0.2454 0.0680 0 '0000000220' 0.1250
topBm25fTuneBoost_Hard2005_alpha2 2 394 0.4725 1.0000 1.0000 0.7069 0.4838 0 '1111111111' 1.0000
topBm25fTuneBoost_Hard2005_alpha2 2 397 0.0338 0.3000 0.3188 0.2023 0.0700 0 '0101100000' 0.5000
topBm25fTuneBoost_Hard2005_alpha2 2 399 0.1790 0.6000 0.6048 0.4276 0.3110 0 '2200102022' 1.0000
topBm25fTuneBoost_Hard2005_alpha2 2 401 0.0867 0.2000 0.1642 0.3983 0.1273 0 '0002000200' 0.2500
topBm25fTuneBoost_Hard2005_alpha2 2 404 0.2492 0.3000 0.2113 0.5721 0.4078 0 '0020000201' 0.3333
topBm25fTuneBoost_Hard2005_alpha2 2 408 0.0966 0.1000 0.0851 0.4193 0.0954 0 '0000200000' 0.2000
topBm25fTuneBoost_Hard2005_alpha2 2 409 0.3021 0.4000 0.2914 0.6995 0.3149 0 '0201002001' 0.5000
topBm25fTuneBoost_Hard2005_alpha2 2 416 0.3444 0.5000 0.2368 0.7047 0.3102 0 '0111000011' 0.5000
topBm25fTuneBoost_Hard2005_alpha2 2 419 0.0849 0.2000 0.1763 0.3437 0.1349 0 '0020000020' 0.3333
topBm25fTuneBoost_Hard2005_alpha2 2 426 0.0543 0.0000 0.0000 0.2745 0.1370 0 '0000000000' 0.0714
topBm25fTuneBoost_Hard2005_alpha2 2 427 0.2637 0.7000 0.5371 0.5796 0.3059 0 '1200112202' 1.0000
topBm25fTuneBoost_Hard2005_alpha2 2 433 0.0573 0.1000 0.2201 0.2786 0.0370 0 '2000000000' 1.0000
topBm25fTuneBoost_Hard2005_alpha2 2 435 0.2298 0.3000 0.1528 0.5819 0.2603 0 '0000120001' 0.2000
topBm25fTuneBoost_Hard2005_alpha2 2 436 0.4552 0.6000 0.4552 0.6440 0.6044 0 '2010110102' 1.0000
topBm25fTuneBoost_Hard2005_alpha2 2 439 0.0364 0.2000 0.1110 0.2684 0.0639 0 '0001000002' 0.2500
topBm25fTuneBoost_Hard2005_alpha2 2 443 0.0912 0.2000 0.1584 0.3810 0.2164 0 '0002000002' 0.2500
topBm25fTuneBoost_Hard2005_alpha2 2 448 0.0184 0.0000 0.0000 0.2293 0.0174 0 '0000000000' 0.0769
topBm25fTuneBoost_Hard2005_alpha2 2 622 0.1971 0.9000 0.8742 0.5858 0.3406 0 '2221202222' 1.0000
topBm25fTuneBoost_Hard2005_alpha2 2 625 0.0125 0.2000 0.1546 0.1399 0.0229 0 '0100200000' 0.5000
topBm25fTuneBoost_Hard2005_alpha2 2 638 0.1230 0.5000 0.2683 0.3384 0.2823 1 '0012111-00' 0.3333
topBm25fTuneBoost_Hard2005_alpha2 2 639 0.1744 0.1000 0.0318 0.4758 0.2764 0 '0000000001' 0.1000
topBm25fTuneBoost_Hard2005_alpha2 2 648 0.5675 1.0000 0.7365 0.7932 0.5552 0 '2121112211' 1.0000
topBm25fTuneBoost_Hard2005_alpha2 2 650 0.0346 0.1000 0.1053 0.3121 0.0566 0 '0002000000' 0.2500
topBm25fTuneBoost_Hard2005_alpha2 2 651 0.0053 0.0000 0.0000 0.1175 0.0190 0 '0000000000' 0.0312
topBm25fTuneBoost_Hard2005_alpha2 2 658 0.1877 0.4000 0.2482 0.5318 0.2396 0 '0100012020' 0.5000
topBm25fTuneBoost_Hard2005_alpha2 2 689 0.0323 0.0000 0.0000 0.2626 0.0693 0 '0000000000' 0.0476
topBm25fTuneBoost_Hard2005_alpha3 3 303 0.3850 0.5000 0.5743 0.7821 0.3853 0 '2200022002' 1.0000
topBm25fTuneBoost_Hard2005_alpha3 3 307 0.3084 1.0000 0.5649 0.5062 0.4132 0 '1111111122' 1.0000
topBm25fTuneBoost_Hard2005_alpha3 3 310 0.0643 0.3000 0.1775 0.2740 0.0928 0 '0111000000' 0.5000
topBm25fTuneBoost_Hard2005_alpha3 3 314 0.0017 0.0000 0.0000 0.0612 0.0107 0 '0000000000' 0.0588
topBm25fTuneBoost_Hard2005_alpha3 3 322 0.0039 0.1000 0.0734 0.0645 0.0227 0 '0000002000' 0.1429
topBm25fTuneBoost_Hard2005_alpha3 3 325 0.4233 0.2000 0.1244 0.7108 0.6078 0 '0100000010' 0.5000
topBm25fTuneBoost_Hard2005_alpha3 3 330 0.3125 0.8000 0.6489 0.7198 0.3410 0 '1011111011' 1.0000
topBm25fTuneBoost_Hard2005_alpha3 3 336 0.4548 0.8000 0.4707 0.6859 0.4518 0 '0121211110' 0.5000
topBm25fTuneBoost_Hard2005_alpha3 3 341 0.1078 0.1000 0.1407 0.4127 0.1300 0 '1000000000' 1.0000
topBm25fTuneBoost_Hard2005_alpha3 3 344 0.0345 0.3000 0.1941 0.2038 0.0649 2 '1-010010-0' 1.0000
topBm25fTuneBoost_Hard2005_alpha3 3 345 0.0320 0.1000 0.0708 0.2919 0.0123 0 '0000000010' 0.1111
topBm25fTuneBoost_Hard2005_alpha3 3 347 0.2390 0.7000 0.6157 0.5931 0.2934 0 '0220222022' 0.5000
topBm25fTuneBoost_Hard2005_alpha3 3 353 0.0615 0.0000 0.0000 0.2913 0.0522 0 '0000000000' 0.0769
topBm25fTuneBoost_Hard2005_alpha3 3 354 0.1756 0.8000 0.8553 0.4849 0.3934 0 '2222202202' 1.0000
topBm25fTuneBoost_Hard2005_alpha3 3 362 0.1971 0.7000 0.4774 0.5037 0.2378 0 '1121010201' 1.0000
topBm25fTuneBoost_Hard2005_alpha3 3 363 0.1125 0.3000 0.3125 0.4524 0.1615 0 '0220000002' 0.5000
topBm25fTuneBoost_Hard2005_alpha3 3 367 0.0561 0.1000 0.0784 0.3675 0.0578 0 '0000020000' 0.1667
topBm25fTuneBoost_Hard2005_alpha3 3 372 0.0950 0.1000 0.0698 0.4482 0.0806 0 '0001000000' 0.2500
topBm25fTuneBoost_Hard2005_alpha3 3 374 0.5628 0.6000 0.5881 0.8426 0.6710 0 '2020122002' 1.0000
topBm25fTuneBoost_Hard2005_alpha3 3 375 0.2122 0.3000 0.2974 0.6469 0.1532 0 '0100101000' 0.5000
topBm25fTuneBoost_Hard2005_alpha3 3 378 0.1242 0.0000 0.0000 0.4692 0.1598 0 '0000000000' 0.0909
topBm25fTuneBoost_Hard2005_alpha3 3 383 0.0320 0.0000 0.0000 0.2649 0.0483 0 '0000000000' 0.0400
topBm25fTuneBoost_Hard2005_alpha3 3 389 0.0191 0.0000 0.0000 0.2020 0.0411 0 '0000000000' 0.0270
topBm25fTuneBoost_Hard2005_alpha3 3 393 0.0341 0.2000 0.1357 0.2437 0.0663 0 '0000000220' 0.1250
topBm25fTuneBoost_Hard2005_alpha3 3 394 0.4695 1.0000 1.0000 0.7059 0.4817 0 '1111111111' 1.0000
topBm25fTuneBoost_Hard2005_alpha3 3 397 0.0319 0.3000 0.3188 0.2291 0.0624 0 '0101100000' 0.5000
topBm25fTuneBoost_Hard2005_alpha3 3 399 0.1666 0.6000 0.6048 0.4180 0.3060 0 '2200102022' 1.0000
topBm25fTuneBoost_Hard2005_alpha3 3 401 0.0924 0.2000 0.1514 0.4018 0.1485 0 '0000200020' 0.2000
topBm25fTuneBoost_Hard2005_alpha3 3 404 0.2440 0.3000 0.2110 0.5628 0.4001 0 '0020000120' 0.3333
topBm25fTuneBoost_Hard2005_alpha3 3 408 0.0982 0.1000 0.0851 0.4235 0.0967 0 '0000200000' 0.2000
topBm25fTuneBoost_Hard2005_alpha3 3 409 0.2987 0.4000 0.2927 0.6994 0.3135 0 '0201002010' 0.5000
topBm25fTuneBoost_Hard2005_alpha3 3 416 0.3481 0.4000 0.2050 0.7086 0.3136 0 '0111000010' 0.5000
topBm25fTuneBoost_Hard2005_alpha3 3 419 0.0818 0.2000 0.1737 0.3394 0.1315 0 '0020000002' 0.3333
topBm25fTuneBoost_Hard2005_alpha3 3 426 0.0442 0.0000 0.0000 0.2560 0.1178 0 '0000000000' 0.0714
topBm25fTuneBoost_Hard2005_alpha3 3 427 0.2612 0.7000 0.5475 0.5879 0.3044 0 '1200221102' 1.0000
topBm25fTuneBoost_Hard2005_alpha3 3 433 0.0313 0.1000 0.1389 0.1996 0.0398 0 '0200000000' 0.5000
topBm25fTuneBoost_Hard2005_alpha3 3 435 0.2422 0.3000 0.1528 0.5914 0.2766 0 '0000120001' 0.2000
topBm25fTuneBoost_Hard2005_alpha3 3 436 0.4446 0.5000 0.3916 0.6312 0.5913 0 '2010110100' 1.0000
topBm25fTuneBoost_Hard2005_alpha3 3 439 0.0339 0.1000 0.0474 0.2575 0.0600 0 '0001000000' 0.2500
topBm25fTuneBoost_Hard2005_alpha3 3 443 0.0921 0.1000 0.0948 0.3844 0.2166 0 '0002000000' 0.2500
topBm25fTuneBoost_Hard2005_alpha3 3 448 0.0196 0.0000 0.0000 0.2330 0.0167 0 '0000000000' 0.0714
topBm25fTuneBoost_Hard2005_alpha3 3 622 0.1986 0.9000 0.8742 0.5937 0.3392 0 '2221202222' 1.0000
topBm25fTuneBoost_Hard2005_alpha3 3 625 0.0149 0.2000 0.1795 0.1478 0.0227 0 '0120000000' 0.5000
topBm25fTuneBoost_Hard2005_alpha3 3 638 0.1298 0.7000 0.3361 0.3603 0.2761 1 '001211111-' 0.3333
topBm25fTuneBoost_Hard2005_alpha3 3 639 0.1741 0.1000 0.0318 0.4732 0.2746 0 '0000000001' 0.1000
topBm25fTuneBoost_Hard2005_alpha3 3 648 0.5732 1.0000 0.7365 0.7943 0.5615 0 '2121112211' 1.0000
topBm25fTuneBoost_Hard2005_alpha3 3 650 0.0365 0.1000 0.1222 0.3212 0.0586 0 '0020000000' 0.3333
topBm25fTuneBoost_Hard2005_alpha3 3 651 0.0058 0.0000 0.0000 0.1225 0.0180 0 '0000000000' 0.0312
topBm25fTuneBoost_Hard2005_alpha3 3 658 0.1794 0.4000 0.2516 0.5300 0.2265 0 '0100102020' 0.5000
topBm25fTuneBoost_Hard2005_alpha3 3 689 0.0321 0.0000 0.0000 0.2570 0.0702 0 '0000000000' 0.0526
topBm25fTuneBoost_Hard2005_alpha4 4 303 0.3765 0.6000 0.5364 0.7541 0.3843 0 '0220022220' 0.5000
topBm25fTuneBoost_Hard2005_alpha4 4 307 0.3110 1.0000 0.5649 0.5089 0.4147 0 '1111111122' 1.0000
topBm25fTuneBoost_Hard2005_alpha4 4 310 0.0486 0.3000 0.1501 0.2544 0.0819 0 '0100011000' 0.5000
topBm25fTuneBoost_Hard2005_alpha4 4 314 0.0018 0.0000 0.0000 0.0621 0.0107 0 '0000000000' 0.0588
topBm25fTuneBoost_Hard2005_alpha4 4 322 0.0036 0.1000 0.0694 0.0590 0.0239 0 '0000000200' 0.1250
topBm25fTuneBoost_Hard2005_alpha4 4 325 0.4275 0.1000 0.0842 0.7099 0.6135 0 '0100000000' 0.5000
topBm25fTuneBoost_Hard2005_alpha4 4 330 0.3322 0.7000 0.5946 0.7248 0.3805 0 '1011111001' 1.0000
topBm25fTuneBoost_Hard2005_alpha4 4 336 0.4618 0.8000 0.4672 0.6867 0.4598 0 '0121121110' 0.5000
topBm25fTuneBoost_Hard2005_alpha4 4 341 0.1085 0.1000 0.1407 0.4065 0.1315 0 '1000000000' 1.0000
topBm25fTuneBoost_Hard2005_alpha4 4 344 0.0294 0.3000 0.1922 0.1838 0.0552 2 '1-010001-0' 1.0000
topBm25fTuneBoost_Hard2005_alpha4 4 345 0.0317 0.1000 0.0708 0.2695 0.0123 0 '0000000010' 0.1111
topBm25fTuneBoost_Hard2005_alpha4 4 347 0.2429 0.6000 0.5649 0.5992 0.2949 0 '0222022200' 0.5000
topBm25fTuneBoost_Hard2005_alpha4 4 353 0.0628 0.0000 0.0000 0.2932 0.0612 0 '0000000000' 0.0769
topBm25fTuneBoost_Hard2005_alpha4 4 354 0.1836 0.8000 0.8553 0.4957 0.4066 0 '2222202202' 1.0000
topBm25fTuneBoost_Hard2005_alpha4 4 362 0.1832 0.7000 0.4918 0.4893 0.2159 0 '1211010201' 1.0000
topBm25fTuneBoost_Hard2005_alpha4 4 363 0.1122 0.3000 0.3152 0.4510 0.1589 0 '0220000020' 0.5000
topBm25fTuneBoost_Hard2005_alpha4 4 367 0.0566 0.1000 0.0784 0.3687 0.0594 0 '0000020000' 0.1667
topBm25fTuneBoost_Hard2005_alpha4 4 372 0.0959 0.1000 0.0698 0.4488 0.0822 0 '0001000000' 0.2500
topBm25fTuneBoost_Hard2005_alpha4 4 374 0.5808 0.6000 0.5563 0.8485 0.6853 0 '2020122001' 1.0000
topBm25fTuneBoost_Hard2005_alpha4 4 375 0.2081 0.3000 0.2934 0.6287 0.1556 0 '0100100100' 0.5000
topBm25fTuneBoost_Hard2005_alpha4 4 378 0.1252 0.0000 0.0000 0.4707 0.1627 0 '0000000000' 0.0909
topBm25fTuneBoost_Hard2005_alpha4 4 383 0.0310 0.0000 0.0000 0.2749 0.0363 0 '0000000000' 0.0370
topBm25fTuneBoost_Hard2005_alpha4 4 389 0.0175 0.0000 0.0000 0.1980 0.0369 0 '0000000000' 0.0185
topBm25fTuneBoost_Hard2005_alpha4 4 393 0.0326 0.2000 0.1331 0.2366 0.0650 0 '0000000202' 0.1250
topBm25fTuneBoost_Hard2005_alpha4 4 394 0.4715 1.0000 1.0000 0.7063 0.4834 0 '1111111111' 1.0000
topBm25fTuneBoost_Hard2005_alpha4 4 397 0.0322 0.3000 0.3188 0.2809 0.0474 0 '0101100000' 0.5000
topBm25fTuneBoost_Hard2005_alpha4 4 399 0.1438 0.6000 0.6087 0.4011 0.2960 0 '2200200122' 1.0000
topBm25fTuneBoost_Hard2005_alpha4 4 401 0.0992 0.2000 0.1396 0.4056 0.1653 0 '0000002020' 0.1429
topBm25fTuneBoost_Hard2005_alpha4 4 404 0.2403 0.4000 0.2451 0.5630 0.3917 0 '0020001102' 0.3333
topBm25fTuneBoost_Hard2005_alpha4 4 408 0.0990 0.1000 0.0784 0.4231 0.0984 0 '0000020000' 0.1667
topBm25fTuneBoost_Hard2005_alpha4 4 409 0.2889 0.4000 0.3004 0.6843 0.3083 0 '0210002010' 0.5000
topBm25fTuneBoost_Hard2005_alpha4 4 416 0.3528 0.5000 0.2384 0.7111 0.3190 0 '0111000101' 0.5000
topBm25fTuneBoost_Hard2005_alpha4 4 419 0.0831 0.2000 0.1737 0.3395 0.1384 0 '0020000002' 0.3333
topBm25fTuneBoost_Hard2005_alpha4 4 426 0.0337 0.0000 0.0000 0.2292 0.1015 0 '0000000000' 0.0714
topBm25fTuneBoost_Hard2005_alpha4 4 427 0.2349 0.6000 0.4566 0.5565 0.2970 0 '1200002211' 1.0000
topBm25fTuneBoost_Hard2005_alpha4 4 433 0.0310 0.1000 0.1389 0.1782 0.0480 0 '0200000000' 0.5000
topBm25fTuneBoost_Hard2005_alpha4 4 435 0.2558 0.3000 0.1575 0.6017 0.2929 0 '0000210010' 0.2000
topBm25fTuneBoost_Hard2005_alpha4 4 436 0.4304 0.5000 0.3875 0.6161 0.5768 0 '2010101010' 1.0000
topBm25fTuneBoost_Hard2005_alpha4 4 439 0.0325 0.1000 0.0474 0.2506 0.0588 0 '0001000000' 0.2500
topBm25fTuneBoost_Hard2005_alpha4 4 443 0.0932 0.1000 0.0948 0.3884 0.2166 0 '0002000000' 0.2500
topBm25fTuneBoost_Hard2005_alpha4 4 448 0.0213 0.0000 0.0000 0.2416 0.0155 0 '0000000000' 0.0625
topBm25fTuneBoost_Hard2005_alpha4 4 622 0.1920 0.6000 0.6652 0.5841 0.3393 0 '2221200002' 1.0000
topBm25fTuneBoost_Hard2005_alpha4 4 625 0.0155 0.2000 0.1795 0.1653 0.0225 0 '0120000000' 0.5000
topBm25fTuneBoost_Hard2005_alpha4 4 638 0.1308 0.7000 0.3361 0.3733 0.2695 0 '0012111110' 0.3333
topBm25fTuneBoost_Hard2005_alpha4 4 639 0.1754 0.1000 0.0318 0.4738 0.2768 0 '0000000001' 0.1000
topBm25fTuneBoost_Hard2005_alpha4 4 648 0.5789 1.0000 0.7365 0.7960 0.5659 0 '2121112211' 1.0000
topBm25fTuneBoost_Hard2005_alpha4 4 650 0.0359 0.1000 0.1222 0.3345 0.0518 0 '0020000000' 0.3333
topBm25fTuneBoost_Hard2005_alpha4 4 651 0.0063 0.0000 0.0000 0.1249 0.0171 0 '0000000000' 0.0303
topBm25fTuneBoost_Hard2005_alpha4 4 658 0.1702 0.4000 0.2516 0.5245 0.2121 0 '0100102020' 0.5000
topBm25fTuneBoost_Hard2005_alpha4 4 689 0.0329 0.0000 0.0000 0.2647 0.0707 0 '0000000000' 0.0526
topBm25fTuneBoost_Hard2005_alpha5 5 303 0.3684 0.6000 0.4826 0.7392 0.3787 0 '0020222220' 0.3333
topBm25fTuneBoost_Hard2005_alpha5 5 307 0.3123 1.0000 0.5649 0.5094 0.4139 0 '1111111122' 1.0000
topBm25fTuneBoost_Hard2005_alpha5 5 310 0.0377 0.3000 0.1404 0.2112 0.0677 0 '0100000101' 0.5000
topBm25fTuneBoost_Hard2005_alpha5 5 314 0.0019 0.0000 0.0000 0.0691 0.0088 0 '0000000000' 0.0333
topBm25fTuneBoost_Hard2005_alpha5 5 322 0.0036 0.1000 0.0694 0.0587 0.0239 0 '0000000200' 0.1250
topBm25fTuneBoost_Hard2005_alpha5 5 325 0.4415 0.3000 0.1703 0.7195 0.6212 0 '0100010001' 0.5000
topBm25fTuneBoost_Hard2005_alpha5 5 330 0.3583 0.8000 0.6489 0.7351 0.4238 0 '1011111011' 1.0000
topBm25fTuneBoost_Hard2005_alpha5 5 336 0.4666 0.8000 0.4672 0.6869 0.4598 0 '0121121110' 0.5000
topBm25fTuneBoost_Hard2005_alpha5 5 341 0.1142 0.1000 0.1407 0.4045 0.1439 0 '1000000000' 1.0000
topBm25fTuneBoost_Hard2005_alpha5 5 344 0.0249 0.3000 0.1857 0.1729 0.0471 1 '1-00100010' 1.0000
topBm25fTuneBoost_Hard2005_alpha5 5 345 0.0298 0.1000 0.0679 0.2654 0.0000 0 '0000000001' 0.1000
topBm25fTuneBoost_Hard2005_alpha5 5 347 0.2447 0.7000 0.6353 0.6011 0.2957 0 '0222202202' 0.5000
topBm25fTuneBoost_Hard2005_alpha5 5 353 0.0639 0.1000 0.0569 0.3095 0.0635 0 '0000000100' 0.1250
topBm25fTuneBoost_Hard2005_alpha5 5 354 0.1857 0.8000 0.8553 0.4980 0.4131 0 '2222202202' 1.0000
topBm25fTuneBoost_Hard2005_alpha5 5 362 0.1612 0.7000 0.4957 0.4602 0.1966 0 '1211012001' 1.0000
topBm25fTuneBoost_Hard2005_alpha5 5 363 0.1133 0.3000 0.3811 0.4637 0.1542 0 '2002000020' 1.0000
topBm25fTuneBoost_Hard2005_alpha5 5 367 0.0570 0.1000 0.0784 0.3698 0.0606 0 '0000020000' 0.1667
topBm25fTuneBoost_Hard2005_alpha5 5 372 0.0965 0.1000 0.0810 0.4529 0.0811 0 '0010000000' 0.3333
topBm25fTuneBoost_Hard2005_alpha5 5 374 0.6000 0.7000 0.5942 0.8539 0.7023 0 '2021022011' 1.0000
topBm25fTuneBoost_Hard2005_alpha5 5 375 0.2056 0.4000 0.3597 0.6059 0.1692 0 '0100100110' 0.5000
topBm25fTuneBoost_Hard2005_alpha5 5 378 0.1262 0.1000 0.0734 0.4677 0.1723 0 '0000001000' 0.1429
topBm25fTuneBoost_Hard2005_alpha5 5 383 0.0291 0.0000 0.0000 0.2736 0.0264 0 '0000000000' 0.0323
topBm25fTuneBoost_Hard2005_alpha5 5 389 0.0142 0.0000 0.0000 0.1725 0.0290 0 '0000000000' 0.0135
topBm25fTuneBoost_Hard2005_alpha5 5 393 0.0309 0.1000 0.0636 0.2355 0.0602 0 '0000000002' 0.1000
topBm25fTuneBoost_Hard2005_alpha5 5 394 0.4695 1.0000 1.0000 0.7053 0.4809 0 '1111111111' 1.0000
topBm25fTuneBoost_Hard2005_alpha5 5 397 0.0385 0.3000 0.4000 0.3098 0.0398 0 '1001100000' 1.0000
topBm25fTuneBoost_Hard2005_alpha5 5 399 0.1178 0.6000 0.6283 0.3673 0.2759 0 '2202002201' 1.0000
topBm25fTuneBoost_Hard2005_alpha5 5 401 0.1093 0.2000 0.1396 0.4143 0.1842 0 '0000002020' 0.1429
topBm25fTuneBoost_Hard2005_alpha5 5 404 0.2320 0.3000 0.1814 0.5487 0.3816 0 '0020001100' 0.3333
topBm25fTuneBoost_Hard2005_alpha5 5 408 0.0986 0.1000 0.0694 0.4185 0.0985 0 '0000000200' 0.1250
topBm25fTuneBoost_Hard2005_alpha5 5 409 0.2702 0.5000 0.3496 0.6527 0.2983 0 '0120002012' 0.5000
topBm25fTuneBoost_Hard2005_alpha5 5 416 0.3574 0.5000 0.2335 0.7125 0.3265 0 '0110011010' 0.5000
topBm25fTuneBoost_Hard2005_alpha5 5 419 0.0940 0.1000 0.1389 0.4263 0.1384 0 '0200000000' 0.5000
topBm25fTuneBoost_Hard2005_alpha5 5 426 0.0228 0.0000 0.0000 0.1954 0.0846 0 '0000000000' 0.0714
topBm25fTuneBoost_Hard2005_alpha5 5 427 0.2047 0.6000 0.4278 0.5235 0.2821 0 '1020002211' 1.0000
topBm25fTuneBoost_Hard2005_alpha5 5 433 0.0246 0.1000 0.1100 0.1534 0.0508 0 '0020000000' 0.3333
topBm25fTuneBoost_Hard2005_alpha5 5 435 0.2713 0.3000 0.1740 0.6165 0.3158 0 '0002101000' 0.2500
topBm25fTuneBoost_Hard2005_alpha5 5 436 0.4051 0.5000 0.3828 0.5963 0.5501 0 '2010011001' 1.0000
topBm25fTuneBoost_Hard2005_alpha5 5 439 0.0331 0.2000 0.1136 0.2468 0.0595 0 '0001000020' 0.2500
topBm25fTuneBoost_Hard2005_alpha5 5 443 0.0969 0.1000 0.2201 0.4093 0.2161 0 '2000000000' 1.0000
topBm25fTuneBoost_Hard2005_alpha5 5 448 0.0221 0.0000 0.0000 0.2449 0.0127 0 '0000000000' 0.0476
topBm25fTuneBoost_Hard2005_alpha5 5 622 0.1979 0.6000 0.6652 0.5909 0.3388 0 '2221200002' 1.0000
topBm25fTuneBoost_Hard2005_alpha5 5 625 0.0203 0.2000 0.2751 0.1993 0.0224 0 '2010000000' 1.0000
topBm25fTuneBoost_Hard2005_alpha5 5 638 0.1299 0.7000 0.3361 0.3754 0.2606 0 '0012111110' 0.3333
topBm25fTuneBoost_Hard2005_alpha5 5 639 0.1742 0.1000 0.0318 0.4704 0.2717 0 '0000000001' 0.1000
topBm25fTuneBoost_Hard2005_alpha5 5 648 0.5842 1.0000 0.7288 0.7850 0.5730 0 '2112112211' 1.0000
topBm25fTuneBoost_Hard2005_alpha5 5 650 0.0385 0.1000 0.1542 0.3372 0.0469 0 '0200000000' 0.5000
topBm25fTuneBoost_Hard2005_alpha5 5 651 0.0074 0.0000 0.0000 0.1376 0.0153 0 '0000000000' 0.0270
topBm25fTuneBoost_Hard2005_alpha5 5 658 0.1607 0.4000 0.2451 0.5235 0.2038 0 '0100100202' 0.5000
topBm25fTuneBoost_Hard2005_alpha5 5 689 0.0323 0.0000 0.0000 0.2591 0.0724 0 '0000000000' 0.0526
topBm25fTuneBoost_Hard2005_alpha6 6 303 0.3713 0.6000 0.5527 0.7581 0.3755 0 '0222002220' 0.5000
topBm25fTuneBoost_Hard2005_alpha6 6 307 0.3143 1.0000 0.5367 0.5106 0.4134 0 '1111112111' 1.0000
topBm25fTuneBoost_Hard2005_alpha6 6 310 0.0252 0.1000 0.0490 0.1733 0.0544 0 '0001000000' 0.2500
topBm25fTuneBoost_Hard2005_alpha6 6 314 0.0019 0.0000 0.0000 0.0660 0.0007 0 '0000000000' 0.0111
topBm25fTuneBoost_Hard2005_alpha6 6 322 0.0026 0.0000 0.0000 0.0432 0.0218 0 '0000000000' 0.0909
topBm25fTuneBoost_Hard2005_alpha6 6 325 0.4566 0.3000 0.1703 0.7280 0.6343 0 '0100010001' 0.5000
topBm25fTuneBoost_Hard2005_alpha6 6 330 0.3834 0.8000 0.6360 0.7357 0.4715 0 '1011011111' 1.0000
topBm25fTuneBoost_Hard2005_alpha6 6 336 0.4740 0.8000 0.4672 0.6889 0.4649 0 '0121121110' 0.5000
topBm25fTuneBoost_Hard2005_alpha6 6 341 0.1172 0.1000 0.1407 0.4065 0.1461 0 '1000000000' 1.0000
topBm25fTuneBoost_Hard2005_alpha6 6 344 0.0219 0.2000 0.1526 0.1703 0.0439 1 '1-00100000' 1.0000
topBm25fTuneBoost_Hard2005_alpha6 6 345 0.0291 0.1000 0.0679 0.2641 0.0000 0 '0000000001' 0.1000
topBm25fTuneBoost_Hard2005_alpha6 6 347 0.2457 0.7000 0.6403 0.6048 0.2969 0 '0222220202' 0.5000
topBm25fTuneBoost_Hard2005_alpha6 6 353 0.0670 0.2000 0.1186 0.3172 0.0794 0 '0000010010' 0.1667
topBm25fTuneBoost_Hard2005_alpha6 6 354 0.1867 0.8000 0.8553 0.4984 0.4208 0 '2222202202' 1.0000
topBm25fTuneBoost_Hard2005_alpha6 6 362 0.1436 0.8000 0.5172 0.4457 0.1772 0 '1210110112' 1.0000
topBm25fTuneBoost_Hard2005_alpha6 6 363 0.1094 0.3000 0.3811 0.4521 0.1500 0 '2002000020' 1.0000
topBm25fTuneBoost_Hard2005_alpha6 6 367 0.0573 0.1000 0.0784 0.3706 0.0629 0 '0000020000' 0.1667
topBm25fTuneBoost_Hard2005_alpha6 6 372 0.0963 0.1000 0.0810 0.4540 0.0811 0 '0010000000' 0.3333
topBm25fTuneBoost_Hard2005_alpha6 6 374 0.6219 0.7000 0.5499 0.8594 0.7281 0 '2012021011' 1.0000
topBm25fTuneBoost_Hard2005_alpha6 6 375 0.2052 0.4000 0.3597 0.5837 0.1808 0 '0100100110' 0.5000
topBm25fTuneBoost_Hard2005_alpha6 6 378 0.1255 0.1000 0.0784 0.4747 0.1768 0 '0000010000' 0.1667
topBm25fTuneBoost_Hard2005_alpha6 6 383 0.0268 0.0000 0.0000 0.2650 0.0172 0 '0000000000' 0.0294
topBm25fTuneBoost_Hard2005_alpha6 6 389 0.0115 0.0000 0.0000 0.1484 0.0264 0 '0000000000' 0.0156
topBm25fTuneBoost_Hard2005_alpha6 6 393 0.0293 0.0000 0.0000 0.2315 0.0537 0 '0000000000' 0.0714
topBm25fTuneBoost_Hard2005_alpha6 6 394 0.4636 1.0000 1.0000 0.6910 0.4755 0 '1111111111' 1.0000
topBm25fTuneBoost_Hard2005_alpha6 6 397 0.0422 0.3000 0.3836 0.3554 0.0333 0 '1000110000' 1.0000
topBm25fTuneBoost_Hard2005_alpha6 6 399 0.0988 0.6000 0.6297 0.3510 0.2652 0 '2202002210' 1.0000
topBm25fTuneBoost_Hard2005_alpha6 6 401 0.1132 0.2000 0.1396 0.4215 0.1929 0 '0000002020' 0.1429
topBm25fTuneBoost_Hard2005_alpha6 6 404 0.2243 0.3000 0.1893 0.5450 0.3688 0 '0020101000' 0.3333
topBm25fTuneBoost_Hard2005_alpha6 6 408 0.0973 0.1000 0.0318 0.4071 0.0996 0 '0000000001' 0.1000
topBm25fTuneBoost_Hard2005_alpha6 6 409 0.2557 0.4000 0.3332 0.6533 0.2855 0 '1020020100' 1.0000
topBm25fTuneBoost_Hard2005_alpha6 6 416 0.3635 0.5000 0.2409 0.7162 0.3348 0 '0110110100' 0.5000
topBm25fTuneBoost_Hard2005_alpha6 6 419 0.0980 0.1000 0.1389 0.4286 0.1453 0 '0200000000' 0.5000
topBm25fTuneBoost_Hard2005_alpha6 6 426 0.0145 0.0000 0.0000 0.1610 0.0662 0 '0000000000' 0.0667
topBm25fTuneBoost_Hard2005_alpha6 6 427 0.1994 0.5000 0.3925 0.5140 0.2800 0 '1020001220' 1.0000
topBm25fTuneBoost_Hard2005_alpha6 6 433 0.0238 0.1000 0.1100 0.1517 0.0425 0 '0020000000' 0.3333
topBm25fTuneBoost_Hard2005_alpha6 6 435 0.2899 0.3000 0.1766 0.6323 0.3503 0 '0002110000' 0.2500
topBm25fTuneBoost_Hard2005_alpha6 6 436 0.3647 0.4000 0.3385 0.5596 0.5069 0 '2001010001' 1.0000
topBm25fTuneBoost_Hard2005_alpha6 6 439 0.0330 0.2000 0.1131 0.2524 0.0608 0 '0000020100' 0.1667
topBm25fTuneBoost_Hard2005_alpha6 6 443 0.0959 0.1000 0.1389 0.3986 0.2150 0 '0200000000' 0.5000
topBm25fTuneBoost_Hard2005_alpha6 6 448 0.0242 0.0000 0.0000 0.2625 0.0143 0 '0000000000' 0.0400
topBm25fTuneBoost_Hard2005_alpha6 6 622 0.2017 0.6000 0.6473 0.5781 0.3384 0 '2220100220' 1.0000
topBm25fTuneBoost_Hard2005_alpha6 6 625 0.0206 0.2000 0.2751 0.2033 0.0218 0 '2010000000' 1.0000
topBm25fTuneBoost_Hard2005_alpha6 6 638 0.1221 0.6000 0.3041 0.3868 0.2487 0 '0021110011' 0.3333
topBm25fTuneBoost_Hard2005_alpha6 6 639 0.1725 0.1000 0.0318 0.4694 0.2721 0 '0000000001' 0.1000
topBm25fTuneBoost_Hard2005_alpha6 6 648 0.5802 1.0000 0.7298 0.7713 0.5737 0 '2112121121' 1.0000
topBm25fTuneBoost_Hard2005_alpha6 6 650 0.0363 0.1000 0.1542 0.3320 0.0332 0 '0200000000' 0.5000
topBm25fTuneBoost_Hard2005_alpha6 6 651 0.0085 0.0000 0.0000 0.1423 0.0234 0 '0000000000' 0.0256
topBm25fTuneBoost_Hard2005_alpha6 6 658 0.1517 0.3000 0.1831 0.5199 0.1934 0 '0101000020' 0.5000
topBm25fTuneBoost_Hard2005_alpha6 6 689 0.0330 0.0000 0.0000 0.2617 0.0737 0 '0000000000' 0.0625
topBm25fTuneBoost_Hard2005_alpha7 7 303 0.3487 0.4000 0.4221 0.7480 0.3665 0 '0222020000' 0.5000
topBm25fTuneBoost_Hard2005_alpha7 7 307 0.3142 1.0000 0.5367 0.5118 0.4142 0 '1111112111' 1.0000
topBm25fTuneBoost_Hard2005_alpha7 7 310 0.0170 0.1000 0.0405 0.1525 0.0381 0 '0000010000' 0.1667
topBm25fTuneBoost_Hard2005_alpha7 7 314 0.0017 0.0000 0.0000 0.0550 0.0031 0 '0000000000' 0.0139
topBm25fTuneBoost_Hard2005_alpha7 7 322 0.0013 0.0000 0.0000 0.0351 0.0140 1 '000000-000' 0.0244
topBm25fTuneBoost_Hard2005_alpha7 7 325 0.4611 0.3000 0.1689 0.7233 0.6400 0 '0100001010' 0.5000
topBm25fTuneBoost_Hard2005_alpha7 7 330 0.4152 0.8000 0.6360 0.7500 0.5162 0 '1011011111' 1.0000
topBm25fTuneBoost_Hard2005_alpha7 7 336 0.4815 0.9000 0.4922 0.6859 0.4711 0 '0112121111' 0.5000
topBm25fTuneBoost_Hard2005_alpha7 7 341 0.1193 0.1000 0.1407 0.3924 0.1490 0 '1000000000' 1.0000
topBm25fTuneBoost_Hard2005_alpha7 7 344 0.0120 0.1000 0.0550 0.1344 0.0369 1 '-010000000' 0.3333
topBm25fTuneBoost_Hard2005_alpha7 7 345 0.0249 0.0000 0.0000 0.2542 0.0000 0 '0000000000' 0.0833
topBm25fTuneBoost_Hard2005_alpha7 7 347 0.2362 0.6000 0.5404 0.5997 0.2916 0 '0222220010' 0.5000
topBm25fTuneBoost_Hard2005_alpha7 7 353 0.0699 0.2000 0.1320 0.3127 0.0930 0 '0001000010' 0.2500
topBm25fTuneBoost_Hard2005_alpha7 7 354 0.1848 0.7000 0.7917 0.4960 0.4277 0 '2222202200' 1.0000
topBm25fTuneBoost_Hard2005_alpha7 7 362 0.1101 0.8000 0.5505 0.3838 0.1544 0 '1210021112' 1.0000
topBm25fTuneBoost_Hard2005_alpha7 7 363 0.0980 0.4000 0.3667 0.4100 0.1458 0 '0202000202' 0.5000
topBm25fTuneBoost_Hard2005_alpha7 7 367 0.0573 0.1000 0.0784 0.3716 0.0664 0 '0000020000' 0.1667
topBm25fTuneBoost_Hard2005_alpha7 7 372 0.0967 0.1000 0.0810 0.4602 0.0781 0 '0010000000' 0.3333
topBm25fTuneBoost_Hard2005_alpha7 7 374 0.6291 0.7000 0.5503 0.8573 0.7437 0 '2012012110' 1.0000
topBm25fTuneBoost_Hard2005_alpha7 7 375 0.1978 0.5000 0.4166 0.5704 0.1800 0 '0100010111' 0.5000
topBm25fTuneBoost_Hard2005_alpha7 7 378 0.1142 0.1000 0.0948 0.4560 0.1635 0 '0001000000' 0.2500
topBm25fTuneBoost_Hard2005_alpha7 7 383 0.0229 0.0000 0.0000 0.2443 0.0108 0 '0000000000' 0.0208
topBm25fTuneBoost_Hard2005_alpha7 7 389 0.0101 0.0000 0.0000 0.1443 0.0285 0 '0000000000' 0.0179
topBm25fTuneBoost_Hard2005_alpha7 7 393 0.0249 0.0000 0.0000 0.2137 0.0467 0 '0000000000' 0.0667
topBm25fTuneBoost_Hard2005_alpha7 7 394 0.4544 1.0000 1.0000 0.6695 0.4705 0 '1111111111' 1.0000
topBm25fTuneBoost_Hard2005_alpha7 7 397 0.0310 0.0000 0.0000 0.3292 0.0279 0 '0000000000' 0.0625
topBm25fTuneBoost_Hard2005_alpha7 7 399 0.0822 0.6000 0.6227 0.3274 0.2518 0 '2200122200' 1.0000
topBm25fTuneBoost_Hard2005_alpha7 7 401 0.1119 0.5000 0.3953 0.4173 0.1886 0 '0002222002' 0.2500
topBm25fTuneBoost_Hard2005_alpha7 7 404 0.2141 0.3000 0.1873 0.5442 0.3542 0 '0020100100' 0.3333
topBm25fTuneBoost_Hard2005_alpha7 7 408 0.0979 0.1000 0.0367 0.4063 0.1072 0 '0000001000' 0.1429
topBm25fTuneBoost_Hard2005_alpha7 7 409 0.2142 0.5000 0.3530 0.5893 0.2695 0 '1000020122' 1.0000
topBm25fTuneBoost_Hard2005_alpha7 7 416 0.3715 0.5000 0.2429 0.7203 0.3494 0 '0110111000' 0.5000
topBm25fTuneBoost_Hard2005_alpha7 7 419 0.1007 0.1000 0.1389 0.4139 0.1592 0 '0200000000' 0.5000
topBm25fTuneBoost_Hard2005_alpha7 7 426 0.0095 0.0000 0.0000 0.1434 0.0440 0 '0000000000' 0.0417
topBm25fTuneBoost_Hard2005_alpha7 7 427 0.1821 0.3000 0.2440 0.4851 0.2678 0 '1002010000' 1.0000
topBm25fTuneBoost_Hard2005_alpha7 7 433 0.0163 0.1000 0.0734 0.1281 0.0329 0 '0000002000' 0.1429
topBm25fTuneBoost_Hard2005_alpha7 7 435 0.2977 0.3000 0.1469 0.6283 0.3827 0 '0000021001' 0.1667
topBm25fTuneBoost_Hard2005_alpha7 7 436 0.3005 0.4000 0.3324 0.5130 0.4501 0 '2001000011' 1.0000
topBm25fTuneBoost_Hard2005_alpha7 7 439 0.0316 0.1000 0.0948 0.2534 0.0629 0 '0002000000' 0.2500
topBm25fTuneBoost_Hard2005_alpha7 7 443 0.0946 0.1000 0.1389 0.3945 0.2134 0 '0200000000' 0.5000
topBm25fTuneBoost_Hard2005_alpha7 7 448 0.0228 0.0000 0.0000 0.2501 0.0201 0 '0000000000' 0.0312
topBm25fTuneBoost_Hard2005_alpha7 7 622 0.1990 0.6000 0.6048 0.5144 0.3363 0 '2200020221' 1.0000
topBm25fTuneBoost_Hard2005_alpha7 7 625 0.0170 0.2000 0.2568 0.1909 0.0201 0 '2000001000' 1.0000
topBm25fTuneBoost_Hard2005_alpha7 7 638 0.0959 0.4000 0.1771 0.3385 0.2352 0 '0000011201' 0.1667
topBm25fTuneBoost_Hard2005_alpha7 7 639 0.1667 0.1000 0.0318 0.4586 0.2771 0 '0000000001' 0.1000
topBm25fTuneBoost_Hard2005_alpha7 7 648 0.5712 1.0000 0.7683 0.7666 0.5801 0 '2121112212' 1.0000
topBm25fTuneBoost_Hard2005_alpha7 7 650 0.0313 0.1000 0.1542 0.2905 0.0303 0 '0200000000' 0.5000
topBm25fTuneBoost_Hard2005_alpha7 7 651 0.0101 0.0000 0.0000 0.1499 0.0350 0 '0000000000' 0.0400
topBm25fTuneBoost_Hard2005_alpha7 7 658 0.1404 0.3000 0.1718 0.5081 0.1952 0 '0011000200' 0.3333
topBm25fTuneBoost_Hard2005_alpha7 7 689 0.0316 0.0000 0.0000 0.2415 0.0782 0 '0000000000' 0.0667
topBm25fTuneBoost_Hard2005_alpha8 8 303 0.3103 0.4000 0.3917 0.6970 0.3540 0 '0220002200' 0.5000
topBm25fTuneBoost_Hard2005_alpha8 8 307 0.2972 1.0000 0.5759 0.4859 0.4037 0 '1111122111' 1.0000
topBm25fTuneBoost_Hard2005_alpha8 8 310 0.0081 0.1000 0.0359 0.0928 0.0149 0 '0000000100' 0.1250
topBm25fTuneBoost_Hard2005_alpha8 8 314 0.0015 0.0000 0.0000 0.0444 0.0062 0 '0000000000' 0.0179
topBm25fTuneBoost_Hard2005_alpha8 8 322 0.0006 0.0000 0.0000 0.0265 0.0057 1 '0000000-00' 0.0189
topBm25fTuneBoost_Hard2005_alpha8 8 325 0.4606 0.3000 0.1362 0.7119 0.6462 0 '0001000011' 0.2500
topBm25fTuneBoost_Hard2005_alpha8 8 330 0.4336 0.8000 0.5490 0.7363 0.5644 0 '0101111111' 0.5000
topBm25fTuneBoost_Hard2005_alpha8 8 336 0.4694 0.9000 0.5281 0.6756 0.4654 0 '0112121211' 0.5000
topBm25fTuneBoost_Hard2005_alpha8 8 341 0.1303 0.1000 0.1407 0.3919 0.1702 0 '1000000000' 1.0000
topBm25fTuneBoost_Hard2005_alpha8 8 344 0.0143 0.1000 0.1100 0.1364 0.0269 1 '100-000000' 1.0000
topBm25fTuneBoost_Hard2005_alpha8 8 345 0.0135 0.0000 0.0000 0.2212 0.0000 0 '0000000000' 0.0294
topBm25fTuneBoost_Hard2005_alpha8 8 347 0.2147 0.6000 0.5420 0.5863 0.2895 0 '0222220100' 0.5000
topBm25fTuneBoost_Hard2005_alpha8 8 353 0.0741 0.3000 0.1966 0.3073 0.1066 0 '0010000011' 0.3333
topBm25fTuneBoost_Hard2005_alpha8 8 354 0.1740 0.7000 0.7752 0.4648 0.4091 0 '2222020202' 1.0000
topBm25fTuneBoost_Hard2005_alpha8 8 362 0.0812 0.7000 0.6075 0.3461 0.1324 0 '1202122200' 1.0000
topBm25fTuneBoost_Hard2005_alpha8 8 363 0.0835 0.4000 0.3846 0.3362 0.1443 0 '0220000220' 0.5000
topBm25fTuneBoost_Hard2005_alpha8 8 367 0.0569 0.1000 0.0784 0.3716 0.0714 0 '0000020000' 0.1667
topBm25fTuneBoost_Hard2005_alpha8 8 372 0.0908 0.1000 0.0810 0.4516 0.0558 0 '0010000000' 0.3333
topBm25fTuneBoost_Hard2005_alpha8 8 374 0.6275 0.7000 0.5615 0.8579 0.7561 0 '2101112200' 1.0000
topBm25fTuneBoost_Hard2005_alpha8 8 375 0.1677 0.4000 0.3539 0.5351 0.1780 0 '0100100011' 0.5000
topBm25fTuneBoost_Hard2005_alpha8 8 378 0.0985 0.2000 0.2837 0.4600 0.1095 0 '1000000001' 1.0000
topBm25fTuneBoost_Hard2005_alpha8 8 383 0.0173 0.0000 0.0000 0.2080 0.0067 0 '0000000000' 0.0159
topBm25fTuneBoost_Hard2005_alpha8 8 389 0.0067 0.0000 0.0000 0.1100 0.0356 0 '0000000000' 0.0278
topBm25fTuneBoost_Hard2005_alpha8 8 393 0.0177 0.0000 0.0000 0.1683 0.0440 0 '0000000000' 0.0714
topBm25fTuneBoost_Hard2005_alpha8 8 394 0.4304 1.0000 1.0000 0.6482 0.4592 0 '1111111111' 1.0000
topBm25fTuneBoost_Hard2005_alpha8 8 397 0.0390 0.0000 0.0000 0.3573 0.0170 0 '0000000000' 0.0270
topBm25fTuneBoost_Hard2005_alpha8 8 399 0.0662 0.6000 0.6275 0.3055 0.2374 0 '2201022200' 1.0000
topBm25fTuneBoost_Hard2005_alpha8 8 401 0.1070 0.5000 0.6208 0.4243 0.1687 0 '2220022000' 1.0000
topBm25fTuneBoost_Hard2005_alpha8 8 404 0.1856 0.4000 0.2639 0.5123 0.3329 0 '0021002010' 0.3333
topBm25fTuneBoost_Hard2005_alpha8 8 408 0.0895 0.1000 0.0392 0.3779 0.1174 0 '0000010000' 0.1667
topBm25fTuneBoost_Hard2005_alpha8 8 409 0.1522 0.5000 0.4024 0.5045 0.2530 1 '120100120-' 1.0000
topBm25fTuneBoost_Hard2005_alpha8 8 416 0.3795 0.6000 0.2842 0.7251 0.3706 0 '0111101010' 0.5000
topBm25fTuneBoost_Hard2005_alpha8 8 419 0.0836 0.2000 0.2173 0.3765 0.1003 0 '0200020000' 0.5000
topBm25fTuneBoost_Hard2005_alpha8 8 426 0.0059 0.0000 0.0000 0.1136 0.0266 0 '0000000000' 0.0417
topBm25fTuneBoost_Hard2005_alpha8 8 427 0.1727 0.3000 0.2440 0.4556 0.2655 0 '1002010000' 1.0000
topBm25fTuneBoost_Hard2005_alpha8 8 433 0.0097 0.0000 0.0000 0.1058 0.0206 0 '0000000000' 0.0385
topBm25fTuneBoost_Hard2005_alpha8 8 435 0.2926 0.2000 0.1003 0.6204 0.4074 0 '0000001002' 0.1429
topBm25fTuneBoost_Hard2005_alpha8 8 436 0.2071 0.4000 0.3307 0.4474 0.3796 0 '2000011100' 1.0000
topBm25fTuneBoost_Hard2005_alpha8 8 439 0.0309 0.1000 0.0851 0.2521 0.0732 0 '0000200000' 0.2000
topBm25fTuneBoost_Hard2005_alpha8 8 443 0.0907 0.1000 0.1389 0.3876 0.2078 0 '0200000000' 0.5000
topBm25fTuneBoost_Hard2005_alpha8 8 448 0.0214 0.0000 0.0000 0.2411 0.0174 0 '0000000000' 0.0123
topBm25fTuneBoost_Hard2005_alpha8 8 622 0.1979 0.5000 0.6178 0.4579 0.3238 0 '2220200002' 1.0000
topBm25fTuneBoost_Hard2005_alpha8 8 625 0.0142 0.1000 0.2201 0.1777 0.0109 0 '2000000000' 1.0000
topBm25fTuneBoost_Hard2005_alpha8 8 638 0.0634 0.4000 0.1730 0.2700 0.2091 1 '00000-2111' 0.1429
topBm25fTuneBoost_Hard2005_alpha8 8 639 0.1425 0.2000 0.0714 0.4097 0.2677 0 '0000001100' 0.1429
topBm25fTuneBoost_Hard2005_alpha8 8 648 0.5167 1.0000 0.7606 0.7447 0.5608 0 '2112112212' 1.0000
topBm25fTuneBoost_Hard2005_alpha8 8 650 0.0223 0.1000 0.1053 0.2572 0.0283 0 '0002000000' 0.2500
topBm25fTuneBoost_Hard2005_alpha8 8 651 0.0102 0.0000 0.0000 0.1318 0.0354 0 '0000000000' 0.0833
topBm25fTuneBoost_Hard2005_alpha8 8 658 0.1237 0.3000 0.1560 0.4825 0.2056 0 '0010000120' 0.3333
topBm25fTuneBoost_Hard2005_alpha8 8 689 0.0320 0.0000 0.0000 0.2358 0.0902 1 '000000000-' 0.0667
topBm25fTuneBoost_Hard2005_alpha9 9 303 0.2810 0.4000 0.3917 0.6791 0.3530 0 '0220002200' 0.5000
topBm25fTuneBoost_Hard2005_alpha9 9 307 0.2151 1.0000 0.6086 0.3872 0.3325 0 '1211121111' 1.0000
topBm25fTuneBoost_Hard2005_alpha9 9 310 0.0015 0.0000 0.0000 0.0417 0.0107 0 '0000000000' 0.0476
topBm25fTuneBoost_Hard2005_alpha9 9 314 0.0015 0.0000 0.0000 0.0489 0.0078 0 '0000000000' 0.0213
topBm25fTuneBoost_Hard2005_alpha9 9 322 0.0003 0.0000 0.0000 0.0230 0.0000 0 '0000000000' 0.0092
topBm25fTuneBoost_Hard2005_alpha9 9 325 0.4422 0.3000 0.1452 0.6994 0.6530 0 '0001010010' 0.2500
topBm25fTuneBoost_Hard2005_alpha9 9 330 0.4007 0.8000 0.6158 0.7028 0.5887 0 '0110111121' 0.5000
topBm25fTuneBoost_Hard2005_alpha9 9 336 0.4086 0.7000 0.4874 0.6497 0.4393 0 '1011202120' 1.0000
topBm25fTuneBoost_Hard2005_alpha9 9 341 0.1442 0.1000 0.1407 0.3724 0.1738 0 '1000000000' 1.0000
topBm25fTuneBoost_Hard2005_alpha9 9 344 0.0137 0.1000 0.1100 0.1524 0.0161 2 '10000000--' 1.0000
topBm25fTuneBoost_Hard2005_alpha9 9 345 0.0021 0.0000 0.0000 0.0653 0.0000 0 '0000000000' 0.0108
topBm25fTuneBoost_Hard2005_alpha9 9 347 0.1784 0.6000 0.5350 0.5631 0.2902 0 '0222201200' 0.5000
topBm25fTuneBoost_Hard2005_alpha9 9 353 0.0792 0.2000 0.1915 0.2821 0.1111 0 '0101000000' 0.5000
topBm25fTuneBoost_Hard2005_alpha9 9 354 0.1506 0.5000 0.6055 0.4398 0.4011 0 '2202022000' 1.0000
topBm25fTuneBoost_Hard2005_alpha9 9 362 0.0654 0.7000 0.6570 0.3307 0.1202 0 '2022221001' 1.0000
topBm25fTuneBoost_Hard2005_alpha9 9 363 0.0753 0.5000 0.5442 0.2858 0.1337 0 '2020020220' 1.0000
topBm25fTuneBoost_Hard2005_alpha9 9 367 0.0555 0.1000 0.0694 0.3676 0.0778 0 '0000000200' 0.1250
topBm25fTuneBoost_Hard2005_alpha9 9 372 0.0770 0.2000 0.1166 0.4241 0.0558 0 '0000101000' 0.2000
topBm25fTuneBoost_Hard2005_alpha9 9 374 0.5721 0.8000 0.6128 0.8235 0.7455 0 '1122220011' 1.0000
topBm25fTuneBoost_Hard2005_alpha9 9 375 0.0847 0.3000 0.2973 0.3648 0.1496 0 '0101000001' 0.5000
topBm25fTuneBoost_Hard2005_alpha9 9 378 0.0614 0.1000 0.2201 0.3842 0.0717 0 '1000000000' 1.0000
topBm25fTuneBoost_Hard2005_alpha9 9 383 0.0069 0.0000 0.0000 0.1407 0.0103 0 '0000000000' 0.0115
topBm25fTuneBoost_Hard2005_alpha9 9 389 0.0052 0.0000 0.0000 0.0650 0.0465 0 '0000000000' 0.0400
topBm25fTuneBoost_Hard2005_alpha9 9 393 0.0076 0.1000 0.0694 0.0991 0.0492 0 '0000000200' 0.1250
topBm25fTuneBoost_Hard2005_alpha9 9 394 0.3487 0.9000 0.9364 0.5828 0.4013 0 '1111111110' 1.0000
topBm25fTuneBoost_Hard2005_alpha9 9 397 0.0410 0.0000 0.0000 0.3449 0.0061 0 '0000000000' 0.0115
topBm25fTuneBoost_Hard2005_alpha9 9 399 0.0500 0.5000 0.5495 0.2581 0.2071 0 '2221000010' 1.0000
topBm25fTuneBoost_Hard2005_alpha9 9 401 0.0646 0.3000 0.4690 0.3062 0.1164 3 '2220000---' 1.0000
topBm25fTuneBoost_Hard2005_alpha9 9 404 0.1220 0.4000 0.3569 0.4258 0.2853 1 '20101100-0' 1.0000
topBm25fTuneBoost_Hard2005_alpha9 9 408 0.0614 0.1000 0.0426 0.2781 0.1286 0 '0000100000' 0.2000
topBm25fTuneBoost_Hard2005_alpha9 9 409 0.0603 0.6000 0.4057 0.3110 0.2217 1 '01120221-0' 0.5000
topBm25fTuneBoost_Hard2005_alpha9 9 416 0.3978 0.8000 0.4083 0.7463 0.3956 0 '1101110111' 1.0000
topBm25fTuneBoost_Hard2005_alpha9 9 419 0.0488 0.2000 0.1682 0.3134 0.0900 0 '0002002000' 0.2500
topBm25fTuneBoost_Hard2005_alpha9 9 426 0.0040 0.0000 0.0000 0.0977 0.0303 0 '0000000000' 0.0222
topBm25fTuneBoost_Hard2005_alpha9 9 427 0.1295 0.5000 0.3608 0.3870 0.2452 0 '1000021220' 1.0000
topBm25fTuneBoost_Hard2005_alpha9 9 433 0.0078 0.0000 0.0000 0.0843 0.0412 3 '0000---000' 0.0370
topBm25fTuneBoost_Hard2005_alpha9 9 435 0.2366 0.2000 0.0685 0.5483 0.3854 1 '00000010-1' 0.1429
topBm25fTuneBoost_Hard2005_alpha9 9 436 0.0919 0.5000 0.4126 0.3180 0.2435 0 '2101100010' 1.0000
topBm25fTuneBoost_Hard2005_alpha9 9 439 0.0300 0.2000 0.1488 0.2397 0.1127 1 '00002000-2' 0.2000
topBm25fTuneBoost_Hard2005_alpha9 9 443 0.0715 0.1000 0.1389 0.3364 0.2051 0 '0200000000' 0.5000
topBm25fTuneBoost_Hard2005_alpha9 9 448 0.0138 0.0000 0.0000 0.1902 0.0155 1 '000000-000' 0.0100
topBm25fTuneBoost_Hard2005_alpha9 9 622 0.1371 0.7000 0.6880 0.3125 0.2149 0 '2020202222' 1.0000
topBm25fTuneBoost_Hard2005_alpha9 9 625 0.0126 0.1000 0.2201 0.1556 0.0107 0 '2000000000' 1.0000
topBm25fTuneBoost_Hard2005_alpha9 9 638 0.0221 0.2000 0.1026 0.1695 0.1399 1 '00000-0210' 0.1250
topBm25fTuneBoost_Hard2005_alpha9 9 639 0.0943 0.2000 0.0685 0.3009 0.2400 0 '0000001001' 0.1429
topBm25fTuneBoost_Hard2005_alpha9 9 648 0.3805 1.0000 0.7698 0.6296 0.4863 0 '2112212121' 1.0000
topBm25fTuneBoost_Hard2005_alpha9 9 650 0.0172 0.1000 0.0946 0.2088 0.0273 0 '0000200000' 0.2000
topBm25fTuneBoost_Hard2005_alpha9 9 651 0.0157 0.3000 0.2583 0.1605 0.0301 0 '0002220000' 0.2500
topBm25fTuneBoost_Hard2005_alpha9 9 658 0.1053 0.2000 0.1186 0.4592 0.2197 0 '0010000002' 0.3333
topBm25fTuneBoost_Hard2005_alpha9 9 689 0.0306 0.0000 0.0000 0.2119 0.1099 2 '0-000000-0' 0.0625
