schema alpha  QueryNum map p10 ndcg10 ndcg1000 bpref unjudged relString rr
topTuneBoost_Clef2015_alpha0 0 1 0.0245 0.0000 0.0000 0.2173 0.0000 0 '0000000000' 0.0238
topTuneBoost_Clef2015_alpha0 0 10 0.0016 0.0000 0.0000 0.0608 0.0000 0 '0000000000' 0.0048
topTuneBoost_Clef2015_alpha0 0 11 0.1001 0.2000 0.2863 0.4764 0.1133 4 '1----00010' 1.0000
topTuneBoost_Clef2015_alpha0 0 12 0.0161 0.0000 0.0000 0.1706 0.0000 0 '0000000000' 0.0152
topTuneBoost_Clef2015_alpha0 0 13 0.4790 0.6000 0.7273 0.8178 0.6870 3 '2222220---' 1.0000
topTuneBoost_Clef2015_alpha0 0 14 0.4253 0.6000 0.6449 0.7458 0.3951 1 '211111000-' 1.0000
topTuneBoost_Clef2015_alpha0 0 15 0.2307 0.3000 0.2520 0.5947 0.6399 1 '020002010-' 0.5000
topTuneBoost_Clef2015_alpha0 0 16 0.0000 0.0000 0.0000 0.0000 0.0000 1 '00000000-0' 0.0000
topTuneBoost_Clef2015_alpha0 0 17 0.1667 0.1000 0.2961 0.2961 0.2222 0 '0100000000' 0.5000
topTuneBoost_Clef2015_alpha0 0 18 0.2579 0.4000 0.4275 0.6166 0.2086 0 '2000210200' 1.0000
topTuneBoost_Clef2015_alpha0 0 19 0.0019 0.0000 0.0000 0.0900 0.0000 0 '0000000000' 0.0020
topTuneBoost_Clef2015_alpha0 0 2 0.3428 0.6000 0.5191 0.6271 0.4083 0 '0002222220' 0.2500
topTuneBoost_Clef2015_alpha0 0 20 0.0705 0.1000 0.0550 0.3419 0.0930 1 '001-000000' 0.3333
topTuneBoost_Clef2015_alpha0 0 21 0.2185 0.3000 0.2261 0.4536 0.2308 0 '0011000002' 0.3333
topTuneBoost_Clef2015_alpha0 0 22 0.0083 0.0000 0.0000 0.0633 0.0000 1 '000000000-' 0.0556
topTuneBoost_Clef2015_alpha0 0 23 0.4698 0.7000 0.5841 0.7622 0.8310 2 '12121022--' 1.0000
topTuneBoost_Clef2015_alpha0 0 24 0.1995 0.3000 0.2125 0.4646 0.2130 1 '101100000-' 1.0000
topTuneBoost_Clef2015_alpha0 0 25 0.0117 0.0000 0.0000 0.1887 0.0000 0 '0000000000' 0.0286
topTuneBoost_Clef2015_alpha0 0 26 0.5500 0.1000 0.6131 0.7527 0.5000 0 '1000000000' 1.0000
topTuneBoost_Clef2015_alpha0 0 27 0.0059 0.0000 0.0000 0.1350 0.0000 5 '000-0----0' 0.0059
topTuneBoost_Clef2015_alpha0 0 28 0.3113 0.7000 0.5310 0.6011 0.4525 0 '0001111111' 0.2500
topTuneBoost_Clef2015_alpha0 0 29 0.5092 1.0000 0.8196 0.7274 0.7231 0 '1111111111' 1.0000
topTuneBoost_Clef2015_alpha0 0 3 0.1512 0.7000 0.6995 0.5931 0.6657 2 '22202112--' 1.0000
topTuneBoost_Clef2015_alpha0 0 30 0.0504 0.1000 0.0424 0.3039 0.0863 0 '0000000010' 0.1111
topTuneBoost_Clef2015_alpha0 0 31 0.1126 0.3000 0.2558 0.2902 0.1427 0 '1001100000' 1.0000
topTuneBoost_Clef2015_alpha0 0 32 0.3448 0.9000 0.9216 0.6804 0.5391 0 '1111101111' 1.0000
topTuneBoost_Clef2015_alpha0 0 33 0.0368 0.1000 0.0353 0.1644 0.1680 5 '-0000----1' 0.1000
topTuneBoost_Clef2015_alpha0 0 34 0.1905 0.3000 0.1344 0.4551 0.3349 0 '0000000211' 0.1250
topTuneBoost_Clef2015_alpha0 0 35 0.3609 0.6000 0.4627 0.6500 0.5100 0 '0111100110' 0.5000
topTuneBoost_Clef2015_alpha0 0 36 0.0000 0.0000 0.0000 0.0000 0.0000 0 '0000000000' 0.0000
topTuneBoost_Clef2015_alpha0 0 37 0.1952 0.7000 0.3730 0.4501 0.5177 1 '0111111-01' 0.5000
topTuneBoost_Clef2015_alpha0 0 38 0.1230 0.6000 0.5572 0.4657 0.4101 3 '1212202---' 1.0000
topTuneBoost_Clef2015_alpha0 0 39 0.3769 0.9000 0.9052 0.7586 0.6335 1 '111-111111' 1.0000
topTuneBoost_Clef2015_alpha0 0 4 0.0433 0.2000 0.1145 0.2730 0.0864 1 '000100100-' 0.2500
topTuneBoost_Clef2015_alpha0 0 40 0.0501 0.0000 0.0000 0.2780 0.0000 0 '0000000000' 0.0278
topTuneBoost_Clef2015_alpha0 0 41 0.1713 0.2000 0.1749 0.5052 0.1249 0 '1001000000' 1.0000
topTuneBoost_Clef2015_alpha0 0 42 0.0000 0.0000 0.0000 0.0000 0.0000 7 '----000---' 0.0000
topTuneBoost_Clef2015_alpha0 0 43 0.1118 0.2000 0.1609 0.3950 0.2755 0 '0001020000' 0.2500
topTuneBoost_Clef2015_alpha0 0 44 0.2675 0.7000 0.5476 0.6644 0.4610 0 '1100102121' 1.0000
topTuneBoost_Clef2015_alpha0 0 45 0.1683 0.2000 0.1420 0.4934 0.1458 0 '0000010001' 0.1667
topTuneBoost_Clef2015_alpha0 0 46 0.1243 0.2000 0.3590 0.5952 0.8199 8 '22--------' 1.0000
topTuneBoost_Clef2015_alpha0 0 47 0.0799 0.1000 0.0948 0.4272 0.1618 1 '000200000-' 0.2500
topTuneBoost_Clef2015_alpha0 0 48 0.0196 0.1000 0.1026 0.1554 0.0000 0 '0000000020' 0.1111
topTuneBoost_Clef2015_alpha0 0 49 0.0042 0.0000 0.0000 0.1267 0.0000 0 '0000000000' 0.0042
topTuneBoost_Clef2015_alpha0 0 5 0.2840 0.4000 0.4203 0.6028 0.3965 0 '1210100000' 1.0000
topTuneBoost_Clef2015_alpha0 0 50 0.8767 0.5000 0.9249 0.9249 0.8800 3 '2102110---' 1.0000
topTuneBoost_Clef2015_alpha0 0 51 0.1603 0.2000 0.2489 0.5256 0.1944 2 '01100000--' 0.5000
topTuneBoost_Clef2015_alpha0 0 52 0.0026 0.0000 0.0000 0.0954 0.0000 2 '00000000--' 0.0035
topTuneBoost_Clef2015_alpha0 0 53 0.0456 0.1000 0.1389 0.3487 0.0263 0 '0100000000' 0.5000
topTuneBoost_Clef2015_alpha0 0 54 0.1342 0.2000 0.1679 0.3673 0.2222 2 '0011--0000' 0.3333
topTuneBoost_Clef2015_alpha0 0 55 0.0070 0.0000 0.0000 0.0720 0.0000 1 '00000000-0' 0.0152
topTuneBoost_Clef2015_alpha0 0 56 0.0379 0.0000 0.0000 0.2765 0.0000 0 '0000000000' 0.0667
topTuneBoost_Clef2015_alpha0 0 57 0.4551 0.7000 0.5111 0.7064 0.7838 0 '1102101110' 1.0000
topTuneBoost_Clef2015_alpha0 0 58 0.0352 0.0000 0.0000 0.2253 0.0000 0 '0000000000' 0.0238
topTuneBoost_Clef2015_alpha0 0 59 0.1316 0.5000 0.4647 0.3538 0.2169 0 '1011010001' 1.0000
topTuneBoost_Clef2015_alpha0 0 6 0.0265 0.0000 0.0000 0.2713 0.0000 0 '0000000000' 0.0196
topTuneBoost_Clef2015_alpha0 0 60 0.0367 0.1000 0.0518 0.1999 0.0000 0 '0000000001' 0.1000
topTuneBoost_Clef2015_alpha0 0 61 0.2290 0.3000 0.4102 0.6129 0.3003 0 '1010200000' 1.0000
topTuneBoost_Clef2015_alpha0 0 63 0.6159 1.0000 0.7359 0.7705 0.7330 0 '1111111111' 1.0000
topTuneBoost_Clef2015_alpha0 0 64 0.1068 0.2000 0.0979 0.3802 0.3112 2 '0010000-1-' 0.3333
topTuneBoost_Clef2015_alpha0 0 65 0.0447 0.1000 0.0948 0.3261 0.0778 0 '0001000000' 0.2500
topTuneBoost_Clef2015_alpha0 0 66 0.3167 0.8000 0.8643 0.7256 0.8000 2 '2222222--2' 1.0000
topTuneBoost_Clef2015_alpha0 0 67 0.1238 0.2000 0.1285 0.4413 0.1181 0 '0110000000' 0.5000
topTuneBoost_Clef2015_alpha0 0 7 0.0020 0.0000 0.0000 0.1293 0.0000 1 '000000000-' 0.0016
topTuneBoost_Clef2015_alpha0 0 8 0.1187 0.0000 0.0000 0.4088 0.2112 3 '00000---00' 0.0385
topTuneBoost_Clef2015_alpha0 0 9 0.3062 0.4000 0.4382 0.6625 0.5968 2 '22001010--' 1.0000
topTuneBoost_Clef2015_alpha1 1 1 0.0207 0.0000 0.0000 0.2094 0.0000 0 '0000000000' 0.0196
topTuneBoost_Clef2015_alpha1 1 10 0.0014 0.0000 0.0000 0.0592 0.0000 0 '0000000000' 0.0041
topTuneBoost_Clef2015_alpha1 1 11 0.1084 0.2000 0.2863 0.5061 0.1250 4 '1----00010' 1.0000
topTuneBoost_Clef2015_alpha1 1 12 0.0180 0.0000 0.0000 0.1866 0.0000 0 '0000000000' 0.0357
topTuneBoost_Clef2015_alpha1 1 13 0.4599 0.6000 0.7273 0.8106 0.6592 3 '2222220---' 1.0000
topTuneBoost_Clef2015_alpha1 1 14 0.3992 0.8000 0.5821 0.6565 0.3875 0 '0211111110' 0.5000
topTuneBoost_Clef2015_alpha1 1 15 0.2241 0.6000 0.3382 0.5774 0.6363 0 '0002011221' 0.2500
topTuneBoost_Clef2015_alpha1 1 16 0.0000 0.0000 0.0000 0.0000 0.0000 1 '000000000-' 0.0000
topTuneBoost_Clef2015_alpha1 1 17 0.1111 0.1000 0.2346 0.2346 0.1111 0 '0010000000' 0.3333
topTuneBoost_Clef2015_alpha1 1 18 0.2380 0.3000 0.3442 0.5943 0.1950 0 '2000020100' 1.0000
topTuneBoost_Clef2015_alpha1 1 19 0.0065 0.0000 0.0000 0.1470 0.0000 0 '0000000000' 0.0047
topTuneBoost_Clef2015_alpha1 1 2 0.3205 0.4000 0.3930 0.6404 0.3609 1 '0200200-22' 0.5000
topTuneBoost_Clef2015_alpha1 1 20 0.0716 0.1000 0.0550 0.3588 0.0930 1 '0010-00000' 0.3333
topTuneBoost_Clef2015_alpha1 1 21 0.2537 0.4000 0.2855 0.4945 0.2840 2 '00200--111' 0.3333
topTuneBoost_Clef2015_alpha1 1 22 0.0117 0.0000 0.0000 0.0961 0.0000 1 '000000000-' 0.0769
topTuneBoost_Clef2015_alpha1 1 23 0.5043 0.9000 0.7306 0.7849 0.8281 0 '1221122022' 1.0000
topTuneBoost_Clef2015_alpha1 1 24 0.2071 0.3000 0.2125 0.4836 0.1667 1 '101100000-' 1.0000
topTuneBoost_Clef2015_alpha1 1 25 0.0102 0.0000 0.0000 0.1839 0.0000 0 '0000000000' 0.0244
topTuneBoost_Clef2015_alpha1 1 26 0.5526 0.1000 0.6131 0.7550 0.5000 0 '1000000000' 1.0000
topTuneBoost_Clef2015_alpha1 1 27 0.0111 0.0000 0.0000 0.1537 0.0000 5 '000-0----0' 0.0111
topTuneBoost_Clef2015_alpha1 1 28 0.3449 0.7000 0.7631 0.6858 0.4525 0 '1111000111' 1.0000
topTuneBoost_Clef2015_alpha1 1 29 0.5305 1.0000 0.8196 0.7497 0.7437 0 '1111111111' 1.0000
topTuneBoost_Clef2015_alpha1 1 3 0.1515 0.7000 0.6995 0.5935 0.6662 2 '22202112--' 1.0000
topTuneBoost_Clef2015_alpha1 1 30 0.0882 0.2000 0.1237 0.3636 0.1442 0 '0000000012' 0.1111
topTuneBoost_Clef2015_alpha1 1 31 0.1089 0.4000 0.3440 0.2936 0.1427 0 '1001020010' 1.0000
topTuneBoost_Clef2015_alpha1 1 32 0.3423 0.9000 0.9266 0.6456 0.4966 0 '1111110111' 1.0000
topTuneBoost_Clef2015_alpha1 1 33 0.0421 0.2000 0.1047 0.1764 0.1685 4 '0-10010---' 0.3333
topTuneBoost_Clef2015_alpha1 1 34 0.3333 0.5000 0.3563 0.6057 0.4331 0 '1110201000' 1.0000
topTuneBoost_Clef2015_alpha1 1 35 0.3437 0.6000 0.4530 0.6393 0.4644 2 '01110-111-' 0.5000
topTuneBoost_Clef2015_alpha1 1 36 0.0000 0.0000 0.0000 0.0000 0.0000 3 '00000---00' 0.0000
topTuneBoost_Clef2015_alpha1 1 37 0.2719 0.8000 0.4603 0.5212 0.5674 0 '1100111111' 1.0000
topTuneBoost_Clef2015_alpha1 1 38 0.1260 0.6000 0.5572 0.4705 0.4213 3 '1212202---' 1.0000
topTuneBoost_Clef2015_alpha1 1 39 0.3921 0.7000 0.7850 0.7665 0.6326 1 '1111-11100' 1.0000
topTuneBoost_Clef2015_alpha1 1 4 0.0556 0.3000 0.1962 0.3048 0.1142 0 '0001000012' 0.2500
topTuneBoost_Clef2015_alpha1 1 40 0.0585 0.0000 0.0000 0.2856 0.0000 0 '0000000000' 0.0370
topTuneBoost_Clef2015_alpha1 1 41 0.2092 0.3000 0.2103 0.5372 0.1886 0 '1000101000' 1.0000
topTuneBoost_Clef2015_alpha1 1 42 0.0000 0.0000 0.0000 0.0000 0.0000 6 '----0000--' 0.0000
topTuneBoost_Clef2015_alpha1 1 43 0.1124 0.2000 0.1544 0.4128 0.2602 0 '0001002000' 0.2500
topTuneBoost_Clef2015_alpha1 1 44 0.2647 0.6000 0.5621 0.6812 0.3806 0 '1112020001' 1.0000
topTuneBoost_Clef2015_alpha1 1 45 0.1343 0.1000 0.0784 0.4658 0.0625 0 '0000010000' 0.1667
topTuneBoost_Clef2015_alpha1 1 46 0.2136 0.7000 0.5335 0.6493 0.7833 1 '21-0012112' 1.0000
topTuneBoost_Clef2015_alpha1 1 47 0.1724 0.3000 0.4035 0.5679 0.2318 1 '2020002-00' 1.0000
topTuneBoost_Clef2015_alpha1 1 48 0.0130 0.0000 0.0000 0.1409 0.0000 0 '0000000000' 0.0714
topTuneBoost_Clef2015_alpha1 1 49 0.0093 0.0000 0.0000 0.1480 0.0000 4 '0000----00' 0.0093
topTuneBoost_Clef2015_alpha1 1 5 0.2809 0.4000 0.4203 0.6003 0.3818 1 '12101000-0' 1.0000
topTuneBoost_Clef2015_alpha1 1 50 0.7862 0.5000 0.8817 0.8817 0.8000 0 '2011201000' 1.0000
topTuneBoost_Clef2015_alpha1 1 51 0.2499 0.3000 0.4000 0.6408 0.2222 0 '1001100000' 1.0000
topTuneBoost_Clef2015_alpha1 1 52 0.0010 0.0000 0.0000 0.0818 0.0000 2 '00000000--' 0.0013
topTuneBoost_Clef2015_alpha1 1 53 0.0387 0.1000 0.0784 0.3263 0.0234 0 '0000010000' 0.1667
topTuneBoost_Clef2015_alpha1 1 54 0.0936 0.2000 0.1241 0.3193 0.1265 1 '000010001-' 0.2000
topTuneBoost_Clef2015_alpha1 1 55 0.0102 0.0000 0.0000 0.0775 0.0000 1 '00000000-0' 0.0164
topTuneBoost_Clef2015_alpha1 1 56 0.0321 0.0000 0.0000 0.2402 0.0000 0 '0000000000' 0.0667
topTuneBoost_Clef2015_alpha1 1 57 0.4768 0.7000 0.5296 0.7230 0.7838 0 '1120101110' 1.0000
topTuneBoost_Clef2015_alpha1 1 58 0.0269 0.0000 0.0000 0.2107 0.0000 0 '0000000000' 0.0182
topTuneBoost_Clef2015_alpha1 1 59 0.1123 0.4000 0.3537 0.3128 0.1987 0 '1000010101' 1.0000
topTuneBoost_Clef2015_alpha1 1 6 0.0332 0.0000 0.0000 0.2920 0.0000 0 '0000000000' 0.0278
topTuneBoost_Clef2015_alpha1 1 60 0.0631 0.1000 0.0895 0.2335 0.0938 0 '0010000000' 0.3333
topTuneBoost_Clef2015_alpha1 1 61 0.2513 0.3000 0.4102 0.6285 0.3018 1 '10102000-0' 1.0000
topTuneBoost_Clef2015_alpha1 1 63 0.6101 1.0000 0.7359 0.7681 0.7164 0 '1111111111' 1.0000
topTuneBoost_Clef2015_alpha1 1 64 0.1062 0.2000 0.0979 0.3812 0.3013 2 '0010000-1-' 0.3333
topTuneBoost_Clef2015_alpha1 1 65 0.0432 0.1000 0.0663 0.3068 0.0867 2 '00000--010' 0.1111
topTuneBoost_Clef2015_alpha1 1 66 0.3959 0.7000 0.6988 0.7442 0.8102 3 '221--222-2' 1.0000
topTuneBoost_Clef2015_alpha1 1 67 0.1145 0.2000 0.1058 0.4212 0.1441 0 '0011000000' 0.3333
topTuneBoost_Clef2015_alpha1 1 7 0.0006 0.0000 0.0000 0.0629 0.0000 2 '0-00000-00' 0.0012
topTuneBoost_Clef2015_alpha1 1 8 0.1161 0.0000 0.0000 0.4069 0.2092 2 '00000000--' 0.0385
topTuneBoost_Clef2015_alpha1 1 9 0.2852 0.4000 0.2513 0.6052 0.5984 2 '00022-11-0' 0.2500
topTuneBoost_Clef2015_alpha10 10 1 0.0000 0.0000 0.0000 0.0000 0.0000 9 '-----0----' 0.0000
topTuneBoost_Clef2015_alpha10 10 10 0.0000 0.0000 0.0000 0.0000 0.0000 4 '0--0-000-0' 0.0000
topTuneBoost_Clef2015_alpha10 10 11 0.1277 0.2000 0.3590 0.3105 0.1602 7 '11----0---' 1.0000
topTuneBoost_Clef2015_alpha10 10 12 0.0062 0.0000 0.0000 0.0941 0.0816 7 '-00--0----' 0.0435
topTuneBoost_Clef2015_alpha10 10 13 0.0006 0.0000 0.0000 0.0159 0.0358 4 '---000-000' 0.0090
topTuneBoost_Clef2015_alpha10 10 14 0.0433 0.2000 0.1418 0.1711 0.2325 6 '01---0-1--' 0.5000
topTuneBoost_Clef2015_alpha10 10 15 0.0998 0.6000 0.3197 0.4128 0.4900 0 '0000112122' 0.2000
topTuneBoost_Clef2015_alpha10 10 16 0.0000 0.0000 0.0000 0.0000 0.0000 9 '0---------' 0.0000
topTuneBoost_Clef2015_alpha10 10 17 0.0030 0.0000 0.0000 0.0688 0.0000 5 '0-0-000---' 0.0089
topTuneBoost_Clef2015_alpha10 10 18 0.0072 0.0000 0.0000 0.0671 0.0975 7 '00--0-----' 0.0213
topTuneBoost_Clef2015_alpha10 10 19 0.0155 0.0000 0.0000 0.1760 0.0833 10 '----------' 0.0303
topTuneBoost_Clef2015_alpha10 10 2 0.0032 0.0000 0.0000 0.0362 0.0651 9 '---------0' 0.0167
topTuneBoost_Clef2015_alpha10 10 20 0.0248 0.1000 0.0694 0.0820 0.1088 3 '01-0000-0-' 0.5000
topTuneBoost_Clef2015_alpha10 10 21 0.0203 0.0000 0.0000 0.1812 0.0828 4 '0-0--000-0' 0.0769
topTuneBoost_Clef2015_alpha10 10 22 0.0069 0.0000 0.0000 0.1316 0.0000 6 '00--0----0' 0.0093
topTuneBoost_Clef2015_alpha10 10 23 0.2550 0.9000 0.7306 0.4882 0.3811 0 '1221122022' 1.0000
topTuneBoost_Clef2015_alpha10 10 24 0.0164 0.1000 0.0474 0.0881 0.0494 5 '0-0100----' 0.2500
topTuneBoost_Clef2015_alpha10 10 25 0.0000 0.0000 0.0000 0.0000 0.0000 9 '-0--------' 0.0000
topTuneBoost_Clef2015_alpha10 10 26 0.0000 0.0000 0.0000 0.0000 0.0000 9 '-0--------' 0.0000
topTuneBoost_Clef2015_alpha10 10 27 0.0000 0.0000 0.0000 0.0000 0.0000 9 '-0--------' 0.0000
topTuneBoost_Clef2015_alpha10 10 28 0.1566 0.6000 0.6867 0.3986 0.2939 3 '110111-1--' 1.0000
topTuneBoost_Clef2015_alpha10 10 29 0.0153 0.2000 0.1679 0.1207 0.1403 8 '--11------' 0.3333
topTuneBoost_Clef2015_alpha10 10 3 0.0034 0.1000 0.0392 0.0427 0.0601 9 '-----1----' 0.1667
topTuneBoost_Clef2015_alpha10 10 30 0.0941 0.3000 0.4110 0.3821 0.3398 3 '21---00001' 1.0000
topTuneBoost_Clef2015_alpha10 10 31 0.0007 0.0000 0.0000 0.0435 0.0425 10 '----------' 0.0106
topTuneBoost_Clef2015_alpha10 10 32 0.0062 0.1000 0.0694 0.0646 0.0700 7 '-------100' 0.1250
topTuneBoost_Clef2015_alpha10 10 33 0.0144 0.4000 0.1564 0.0636 0.0551 4 '00---11-11' 0.1667
topTuneBoost_Clef2015_alpha10 10 34 0.2934 0.8000 0.4132 0.5190 0.5580 1 '11-1111110' 1.0000
topTuneBoost_Clef2015_alpha10 10 35 0.0064 0.0000 0.0000 0.1021 0.0789 7 '--000-----' 0.0588
topTuneBoost_Clef2015_alpha10 10 36 0.0002 0.0000 0.0000 0.0169 0.0000 4 '00--000--0' 0.0013
topTuneBoost_Clef2015_alpha10 10 37 0.1111 0.9000 0.5421 0.2326 0.1809 0 '1111111110' 1.0000
topTuneBoost_Clef2015_alpha10 10 38 0.1062 0.8000 0.4351 0.2088 0.1938 2 '11111111--' 1.0000
topTuneBoost_Clef2015_alpha10 10 39 0.0164 0.0000 0.0000 0.2073 0.3129 10 '----------' 0.0312
topTuneBoost_Clef2015_alpha10 10 4 0.0151 0.0000 0.0000 0.1029 0.0833 4 '00-0-000--' 0.0769
topTuneBoost_Clef2015_alpha10 10 40 0.0002 0.0000 0.0000 0.0198 0.0000 6 '--0000----' 0.0010
topTuneBoost_Clef2015_alpha10 10 41 0.0491 0.2000 0.1630 0.2553 0.3910 5 '10-0-01---' 1.0000
topTuneBoost_Clef2015_alpha10 10 42 0.0000 0.0000 0.0000 0.0000 0.0000 6 '00-----00-' 0.0000
topTuneBoost_Clef2015_alpha10 10 43 0.0025 0.0000 0.0000 0.0701 0.0879 7 '00-------0' 0.0417
topTuneBoost_Clef2015_alpha10 10 44 0.0160 0.1000 0.0606 0.1659 0.1673 8 '-0-1------' 0.2500
topTuneBoost_Clef2015_alpha10 10 45 0.0000 0.0000 0.0000 0.0000 0.0000 9 '---------0' 0.0000
topTuneBoost_Clef2015_alpha10 10 46 0.0229 0.2000 0.1939 0.1320 0.1481 8 '-21-------' 0.5000
topTuneBoost_Clef2015_alpha10 10 47 0.3069 0.6000 0.7034 0.6582 0.4758 3 '22220-2-2-' 1.0000
topTuneBoost_Clef2015_alpha10 10 48 0.0000 0.0000 0.0000 0.0000 0.0000 6 '00----00--' 0.0000
topTuneBoost_Clef2015_alpha10 10 49 0.0000 0.0000 0.0000 0.0000 0.0000 4 '00--000--0' 0.0000
topTuneBoost_Clef2015_alpha10 10 5 0.0032 0.0000 0.0000 0.0884 0.1621 9 '0---------' 0.0056
topTuneBoost_Clef2015_alpha10 10 50 0.0000 0.0000 0.0000 0.0000 0.0000 7 '000-------' 0.0000
topTuneBoost_Clef2015_alpha10 10 51 0.1191 0.2000 0.2863 0.3944 0.1528 2 '100-00001-' 1.0000
topTuneBoost_Clef2015_alpha10 10 52 0.0000 0.0000 0.0000 0.0000 0.0000 7 '000-------' 0.0000
topTuneBoost_Clef2015_alpha10 10 53 0.0367 0.1000 0.2201 0.2074 0.1936 8 '10--------' 1.0000
topTuneBoost_Clef2015_alpha10 10 54 0.0000 0.0000 0.0000 0.0000 0.0000 9 '0---------' 0.0000
topTuneBoost_Clef2015_alpha10 10 55 0.0007 0.0000 0.0000 0.0282 0.0000 10 '----------' 0.0029
topTuneBoost_Clef2015_alpha10 10 56 0.0000 0.0000 0.0000 0.0000 0.0000 9 '0---------' 0.0000
topTuneBoost_Clef2015_alpha10 10 57 0.0842 0.3000 0.2212 0.2958 0.3689 5 '1---010-1-' 1.0000
topTuneBoost_Clef2015_alpha10 10 58 0.0000 0.0000 0.0000 0.0000 0.0000 2 '000000--00' 0.0000
topTuneBoost_Clef2015_alpha10 10 59 0.0010 0.0000 0.0000 0.0614 0.0577 9 '-0--------' 0.0088
topTuneBoost_Clef2015_alpha10 10 6 0.0744 0.3000 0.2850 0.2457 0.2200 7 '2-------11' 1.0000
topTuneBoost_Clef2015_alpha10 10 60 0.0096 0.0000 0.0000 0.0470 0.0781 7 '00-0------' 0.0769
topTuneBoost_Clef2015_alpha10 10 61 0.0217 0.2000 0.1112 0.1216 0.0710 1 '0-00000110' 0.1250
topTuneBoost_Clef2015_alpha10 10 63 0.0002 0.0000 0.0000 0.0247 0.0625 7 '0-0-----0-' 0.0029
topTuneBoost_Clef2015_alpha10 10 64 0.0010 0.0000 0.0000 0.0453 0.0631 6 '---000-0--' 0.0303
topTuneBoost_Clef2015_alpha10 10 65 0.0002 0.0000 0.0000 0.0148 0.0217 7 '-----0--00' 0.0047
topTuneBoost_Clef2015_alpha10 10 66 0.0307 0.2000 0.2048 0.2115 0.2103 7 '--22-----0' 0.3333
topTuneBoost_Clef2015_alpha10 10 67 0.1196 0.3000 0.3091 0.3585 0.2726 4 '20-10---01' 1.0000
topTuneBoost_Clef2015_alpha10 10 7 0.0000 0.0000 0.0000 0.0000 0.0000 4 '-0-0-000-0' 0.0000
topTuneBoost_Clef2015_alpha10 10 8 0.0001 0.0000 0.0000 0.0087 0.0187 8 '00--------' 0.0026
topTuneBoost_Clef2015_alpha10 10 9 0.0382 0.3000 0.2067 0.2413 0.2184 3 '0200---110' 0.5000
topTuneBoost_Clef2015_alpha2 2 1 0.0141 0.0000 0.0000 0.1940 0.0000 0 '0000000000' 0.0145
topTuneBoost_Clef2015_alpha2 2 10 0.0008 0.0000 0.0000 0.0536 0.0000 0 '0000000000' 0.0023
topTuneBoost_Clef2015_alpha2 2 11 0.1283 0.2000 0.2985 0.5333 0.1680 4 '1----10000' 1.0000
topTuneBoost_Clef2015_alpha2 2 12 0.0190 0.0000 0.0000 0.1953 0.0000 0 '0000000000' 0.0526
topTuneBoost_Clef2015_alpha2 2 13 0.4413 0.7000 0.7910 0.8019 0.6309 0 '2222220002' 1.0000
topTuneBoost_Clef2015_alpha2 2 14 0.3310 0.7000 0.4557 0.5912 0.3800 1 '0110-11211' 0.5000
topTuneBoost_Clef2015_alpha2 2 15 0.1994 0.6000 0.3238 0.5499 0.6107 0 '0000121212' 0.2000
topTuneBoost_Clef2015_alpha2 2 16 0.0000 0.0000 0.0000 0.0000 0.0000 0 '0000000000' 0.0000
topTuneBoost_Clef2015_alpha2 2 17 0.1667 0.1000 0.2961 0.2961 0.2222 0 '0100000000' 0.5000
topTuneBoost_Clef2015_alpha2 2 18 0.1880 0.1000 0.1137 0.4779 0.1859 1 '002000-000' 0.3333
topTuneBoost_Clef2015_alpha2 2 19 0.0093 0.0000 0.0000 0.1577 0.0000 1 '00000000-0' 0.0080
topTuneBoost_Clef2015_alpha2 2 2 0.3328 0.3000 0.3020 0.6255 0.3254 1 '0200-00202' 0.5000
topTuneBoost_Clef2015_alpha2 2 20 0.1026 0.1000 0.1100 0.3991 0.0952 1 '1000-00000' 1.0000
topTuneBoost_Clef2015_alpha2 2 21 0.2006 0.2000 0.2032 0.4699 0.2189 2 '002--10000' 0.3333
topTuneBoost_Clef2015_alpha2 2 22 0.0213 0.1000 0.0480 0.1075 0.0204 0 '0000001000' 0.1429
topTuneBoost_Clef2015_alpha2 2 23 0.5205 0.9000 0.7229 0.7867 0.8228 0 '1212122022' 1.0000
topTuneBoost_Clef2015_alpha2 2 24 0.2026 0.3000 0.2000 0.4723 0.1852 0 '1001100000' 1.0000
topTuneBoost_Clef2015_alpha2 2 25 0.0078 0.0000 0.0000 0.1759 0.0000 1 '000000000-' 0.0179
topTuneBoost_Clef2015_alpha2 2 26 0.5625 0.1000 0.6131 0.7632 0.5000 1 '100000000-' 1.0000
topTuneBoost_Clef2015_alpha2 2 27 0.0192 0.0000 0.0000 0.1746 0.0000 6 '000------0' 0.0192
topTuneBoost_Clef2015_alpha2 2 28 0.3447 0.7000 0.7910 0.6893 0.4556 0 '1111110001' 1.0000
topTuneBoost_Clef2015_alpha2 2 29 0.5444 1.0000 0.8196 0.7544 0.7426 0 '1111111111' 1.0000
topTuneBoost_Clef2015_alpha2 2 3 0.1656 0.8000 0.7062 0.5942 0.6691 1 '2122021-12' 1.0000
topTuneBoost_Clef2015_alpha2 2 30 0.1323 0.4000 0.2739 0.4259 0.2195 0 '0020010011' 0.3333
topTuneBoost_Clef2015_alpha2 2 31 0.0998 0.3000 0.3049 0.2943 0.1358 1 '101000200-' 1.0000
topTuneBoost_Clef2015_alpha2 2 32 0.3206 0.7000 0.7846 0.6351 0.4883 1 '111110-110' 1.0000
topTuneBoost_Clef2015_alpha2 2 33 0.0486 0.2000 0.1382 0.1930 0.1754 5 '011-----00' 0.5000
topTuneBoost_Clef2015_alpha2 2 34 0.4158 0.6000 0.3880 0.6423 0.5152 2 '11110-12-0' 1.0000
topTuneBoost_Clef2015_alpha2 2 35 0.2178 0.4000 0.3973 0.5960 0.3078 2 '101-1-0100' 1.0000
topTuneBoost_Clef2015_alpha2 2 36 0.0000 0.0000 0.0000 0.0000 0.0000 3 '0000---000' 0.0000
topTuneBoost_Clef2015_alpha2 2 37 0.3003 0.9000 0.5241 0.5383 0.5750 0 '1110111111' 1.0000
topTuneBoost_Clef2015_alpha2 2 38 0.1505 0.8000 0.6014 0.4804 0.4494 1 '112122012-' 1.0000
topTuneBoost_Clef2015_alpha2 2 39 0.3863 0.7000 0.7936 0.7640 0.6335 2 '1111110-1-' 1.0000
topTuneBoost_Clef2015_alpha2 2 4 0.0418 0.1000 0.0473 0.2856 0.0895 1 '00000001-0' 0.1250
topTuneBoost_Clef2015_alpha2 2 40 0.0576 0.0000 0.0000 0.2881 0.0000 0 '0000000000' 0.0500
topTuneBoost_Clef2015_alpha2 2 41 0.2466 0.3000 0.2219 0.5605 0.2580 1 '10100001-0' 1.0000
topTuneBoost_Clef2015_alpha2 2 42 0.0000 0.0000 0.0000 0.0000 0.0000 4 '----000000' 0.0000
topTuneBoost_Clef2015_alpha2 2 43 0.1070 0.2000 0.1295 0.4072 0.2387 1 '0000-00201' 0.1250
topTuneBoost_Clef2015_alpha2 2 44 0.2151 0.6000 0.5865 0.6612 0.3450 0 '1202110010' 1.0000
topTuneBoost_Clef2015_alpha2 2 45 0.0871 0.0000 0.0000 0.3855 0.0000 1 '000000-000' 0.0588
topTuneBoost_Clef2015_alpha2 2 46 0.2439 0.7000 0.6195 0.6756 0.7340 2 '210-12222-' 1.0000
topTuneBoost_Clef2015_alpha2 2 47 0.2049 0.5000 0.5163 0.6076 0.3157 0 '2020200120' 1.0000
topTuneBoost_Clef2015_alpha2 2 48 0.0046 0.0000 0.0000 0.1002 0.0000 0 '0000000000' 0.0238
topTuneBoost_Clef2015_alpha2 2 49 0.0244 0.0000 0.0000 0.1854 0.0000 4 '00----0000' 0.0244
topTuneBoost_Clef2015_alpha2 2 5 0.2669 0.4000 0.4203 0.5850 0.3584 1 '121010-000' 1.0000
topTuneBoost_Clef2015_alpha2 2 50 0.6936 0.4000 0.7955 0.8529 0.6400 0 '2011020000' 1.0000
topTuneBoost_Clef2015_alpha2 2 51 0.3238 0.4000 0.4663 0.6924 0.2708 0 '1001100010' 1.0000
topTuneBoost_Clef2015_alpha2 2 52 0.0000 0.0000 0.0000 0.0000 0.0000 0 '0000000000' 0.0000
topTuneBoost_Clef2015_alpha2 2 53 0.0641 0.2000 0.2863 0.3957 0.0489 1 '100000001-' 1.0000
topTuneBoost_Clef2015_alpha2 2 54 0.0626 0.0000 0.0000 0.2774 0.0309 0 '0000000000' 0.0769
topTuneBoost_Clef2015_alpha2 2 55 0.0134 0.0000 0.0000 0.0822 0.0000 1 '00000000-0' 0.0196
topTuneBoost_Clef2015_alpha2 2 56 0.0265 0.0000 0.0000 0.1780 0.0000 0 '0000000000' 0.0625
topTuneBoost_Clef2015_alpha2 2 57 0.4945 0.8000 0.5835 0.7191 0.7874 0 '1121101011' 1.0000
topTuneBoost_Clef2015_alpha2 2 58 0.0239 0.0000 0.0000 0.2048 0.0000 0 '0000000000' 0.0161
topTuneBoost_Clef2015_alpha2 2 59 0.1197 0.4000 0.3496 0.2903 0.2096 0 '1000001101' 1.0000
topTuneBoost_Clef2015_alpha2 2 6 0.0503 0.1000 0.0948 0.3388 0.0408 0 '0002000000' 0.2500
topTuneBoost_Clef2015_alpha2 2 60 0.0607 0.1000 0.0895 0.2294 0.0938 1 '00100000-0' 0.3333
topTuneBoost_Clef2015_alpha2 2 61 0.2132 0.3000 0.3144 0.5859 0.2544 2 '1000110--0' 1.0000
topTuneBoost_Clef2015_alpha2 2 63 0.5630 0.9000 0.6890 0.7516 0.6710 0 '1111111110' 1.0000
topTuneBoost_Clef2015_alpha2 2 64 0.0961 0.2000 0.0880 0.3715 0.2991 2 '00-10000-1' 0.2500
topTuneBoost_Clef2015_alpha2 2 65 0.0443 0.0000 0.0000 0.3051 0.0931 2 '0000--0000' 0.0714
topTuneBoost_Clef2015_alpha2 2 66 0.4394 0.7000 0.7041 0.7717 0.8042 3 '221222---1' 1.0000
topTuneBoost_Clef2015_alpha2 2 67 0.1204 0.2000 0.1058 0.4239 0.1858 1 '00110000-0' 0.3333
topTuneBoost_Clef2015_alpha2 2 7 0.0000 0.0000 0.0000 0.0000 0.0000 3 '-00-0000-0' 0.0000
topTuneBoost_Clef2015_alpha2 2 8 0.1077 0.0000 0.0000 0.3779 0.2029 2 '00000000--' 0.0345
topTuneBoost_Clef2015_alpha2 2 9 0.2718 0.4000 0.2172 0.6026 0.6089 3 '000-1-22-1' 0.2000
topTuneBoost_Clef2015_alpha3 3 1 0.0073 0.0000 0.0000 0.1700 0.0000 2 '000000-00-' 0.0048
topTuneBoost_Clef2015_alpha3 3 10 0.0006 0.0000 0.0000 0.0509 0.0000 0 '0000000000' 0.0017
topTuneBoost_Clef2015_alpha3 3 11 0.1480 0.2000 0.3149 0.5523 0.1953 4 '1001----00' 1.0000
topTuneBoost_Clef2015_alpha3 3 12 0.0239 0.1000 0.1247 0.2167 0.0000 0 '0000000002' 0.1000
topTuneBoost_Clef2015_alpha3 3 13 0.3599 0.6000 0.6406 0.7522 0.5774 1 '2200-22022' 1.0000
topTuneBoost_Clef2015_alpha3 3 14 0.2282 0.4000 0.2449 0.5350 0.3365 3 '010-1--110' 0.5000
topTuneBoost_Clef2015_alpha3 3 15 0.1841 0.6000 0.3238 0.5540 0.6159 0 '0000121212' 0.2000
topTuneBoost_Clef2015_alpha3 3 16 0.0000 0.0000 0.0000 0.0000 0.0000 0 '0000000000' 0.0000
topTuneBoost_Clef2015_alpha3 3 17 0.1667 0.1000 0.2961 0.2961 0.2222 1 '0100000-00' 0.5000
topTuneBoost_Clef2015_alpha3 3 18 0.1495 0.1000 0.0879 0.4427 0.1451 1 '00002-0000' 0.2000
topTuneBoost_Clef2015_alpha3 3 19 0.0125 0.0000 0.0000 0.1681 0.0000 2 '000000-00-' 0.0125
topTuneBoost_Clef2015_alpha3 3 2 0.2552 0.1000 0.1053 0.5252 0.1420 1 '0002-00000' 0.2500
topTuneBoost_Clef2015_alpha3 3 20 0.0983 0.1000 0.1100 0.3941 0.0748 1 '100000-000' 1.0000
topTuneBoost_Clef2015_alpha3 3 21 0.1499 0.2000 0.1659 0.4153 0.1361 4 '00--201--0' 0.2000
topTuneBoost_Clef2015_alpha3 3 22 0.1456 0.1000 0.1440 0.2421 0.1429 0 '1000000000' 1.0000
topTuneBoost_Clef2015_alpha3 3 23 0.5158 0.8000 0.6262 0.7752 0.7861 0 '1212122010' 1.0000
topTuneBoost_Clef2015_alpha3 3 24 0.2013 0.3000 0.2000 0.4650 0.2099 1 '10011000-0' 1.0000
topTuneBoost_Clef2015_alpha3 3 25 0.0035 0.0000 0.0000 0.0713 0.0000 1 '00000000-0' 0.0105
topTuneBoost_Clef2015_alpha3 3 26 0.5556 0.1000 0.6131 0.7575 0.5000 2 '100-000-00' 1.0000
topTuneBoost_Clef2015_alpha3 3 27 0.0385 0.0000 0.0000 0.2103 0.0000 7 '000-------' 0.0385
topTuneBoost_Clef2015_alpha3 3 28 0.3099 0.7000 0.8007 0.6718 0.4349 0 '1111111000' 1.0000
topTuneBoost_Clef2015_alpha3 3 29 0.5495 1.0000 0.8196 0.7509 0.7321 0 '1111111111' 1.0000
topTuneBoost_Clef2015_alpha3 3 3 0.1253 0.3000 0.3747 0.5525 0.6619 7 '21--2-----' 1.0000
topTuneBoost_Clef2015_alpha3 3 30 0.1504 0.4000 0.2881 0.4390 0.2782 1 '002100-110' 0.3333
topTuneBoost_Clef2015_alpha3 3 31 0.0807 0.3000 0.2955 0.2730 0.1248 2 '10001200--' 1.0000
topTuneBoost_Clef2015_alpha3 3 32 0.2638 0.7000 0.7792 0.6005 0.4640 1 '1111-11001' 1.0000
topTuneBoost_Clef2015_alpha3 3 33 0.0479 0.3000 0.1736 0.1970 0.1786 6 '011------1' 0.5000
topTuneBoost_Clef2015_alpha3 3 34 0.4204 0.6000 0.3529 0.6556 0.5515 2 '1111-10-01' 1.0000
topTuneBoost_Clef2015_alpha3 3 35 0.1321 0.2000 0.2706 0.5230 0.2311 4 '10100--0--' 1.0000
topTuneBoost_Clef2015_alpha3 3 36 0.0000 0.0000 0.0000 0.0000 0.0000 4 '0000----00' 0.0000
topTuneBoost_Clef2015_alpha3 3 37 0.3092 0.9000 0.5387 0.5545 0.5990 0 '1111111011' 1.0000
topTuneBoost_Clef2015_alpha3 3 38 0.2220 1.0000 0.5318 0.4975 0.4635 0 '1111111112' 1.0000
topTuneBoost_Clef2015_alpha3 3 39 0.3461 0.6000 0.7273 0.7494 0.6350 3 '111111--0-' 1.0000
topTuneBoost_Clef2015_alpha3 3 4 0.0671 0.0000 0.0000 0.3021 0.0494 1 '00000000-0' 0.0714
topTuneBoost_Clef2015_alpha3 3 40 0.0588 0.0000 0.0000 0.2858 0.0000 0 '0000000000' 0.0476
topTuneBoost_Clef2015_alpha3 3 41 0.2750 0.3000 0.2379 0.5790 0.3388 1 '11000001-0' 1.0000
topTuneBoost_Clef2015_alpha3 3 42 0.0000 0.0000 0.0000 0.0000 0.0000 4 '00000----0' 0.0000
topTuneBoost_Clef2015_alpha3 3 43 0.0949 0.0000 0.0000 0.3953 0.2234 4 '000-000---' 0.0833
topTuneBoost_Clef2015_alpha3 3 44 0.1905 0.6000 0.5923 0.6283 0.3190 1 '1220010-11' 1.0000
topTuneBoost_Clef2015_alpha3 3 45 0.0560 0.0000 0.0000 0.3450 0.0000 1 '00000000-0' 0.0345
topTuneBoost_Clef2015_alpha3 3 46 0.2248 0.8000 0.6832 0.6649 0.6865 1 '21-0122222' 1.0000
topTuneBoost_Clef2015_alpha3 3 47 0.2407 0.5000 0.5669 0.6568 0.3443 0 '2202020100' 1.0000
topTuneBoost_Clef2015_alpha3 3 48 0.0017 0.0000 0.0000 0.0838 0.0000 1 '0000000-00' 0.0070
topTuneBoost_Clef2015_alpha3 3 49 0.0333 0.0000 0.0000 0.2018 0.0000 5 '000-----00' 0.0333
topTuneBoost_Clef2015_alpha3 3 5 0.2359 0.4000 0.4107 0.5808 0.3438 2 '12100001--' 1.0000
topTuneBoost_Clef2015_alpha3 3 50 0.4308 0.2000 0.5308 0.7371 0.3200 2 '2001-000-0' 1.0000
topTuneBoost_Clef2015_alpha3 3 51 0.3176 0.4000 0.4577 0.6864 0.3056 0 '1001001100' 1.0000
topTuneBoost_Clef2015_alpha3 3 52 0.0000 0.0000 0.0000 0.0000 0.0000 3 '0000000---' 0.0000
topTuneBoost_Clef2015_alpha3 3 53 0.0664 0.2000 0.2837 0.4253 0.0687 1 '10000000-1' 1.0000
topTuneBoost_Clef2015_alpha3 3 54 0.0370 0.0000 0.0000 0.2408 0.0000 0 '0000000000' 0.0370
topTuneBoost_Clef2015_alpha3 3 55 0.0156 0.0000 0.0000 0.0852 0.0000 2 '000000--00' 0.0222
topTuneBoost_Clef2015_alpha3 3 56 0.0231 0.0000 0.0000 0.1489 0.0000 0 '0000000000' 0.0588
topTuneBoost_Clef2015_alpha3 3 57 0.4680 0.7000 0.5469 0.7130 0.7772 2 '11211011--' 1.0000
topTuneBoost_Clef2015_alpha3 3 58 0.0218 0.0000 0.0000 0.2004 0.0000 0 '0000000000' 0.0147
topTuneBoost_Clef2015_alpha3 3 59 0.0998 0.4000 0.2443 0.2408 0.2111 0 '0001001011' 0.2500
topTuneBoost_Clef2015_alpha3 3 6 0.0997 0.3000 0.2850 0.4331 0.1202 2 '2--0000011' 1.0000
topTuneBoost_Clef2015_alpha3 3 60 0.0739 0.1000 0.1130 0.2386 0.1094 2 '01000000--' 0.5000
topTuneBoost_Clef2015_alpha3 3 61 0.1610 0.3000 0.2229 0.5119 0.2293 2 '0100-0-101' 0.5000
topTuneBoost_Clef2015_alpha3 3 63 0.4502 0.9000 0.5739 0.6731 0.6322 0 '0111111111' 0.5000
topTuneBoost_Clef2015_alpha3 3 64 0.0619 0.0000 0.0000 0.2974 0.2902 5 '-0000---0-' 0.0714
topTuneBoost_Clef2015_alpha3 3 65 0.0380 0.0000 0.0000 0.3063 0.0842 2 '00--000000' 0.0714
topTuneBoost_Clef2015_alpha3 3 66 0.3802 0.8000 0.7388 0.7525 0.7738 2 '221222-1-1' 1.0000
topTuneBoost_Clef2015_alpha3 3 67 0.1201 0.2000 0.1378 0.4060 0.2795 5 '0-10-20---' 0.3333
topTuneBoost_Clef2015_alpha3 3 7 0.0000 0.0000 0.0000 0.0000 0.0000 3 '-00-0000-0' 0.0000
topTuneBoost_Clef2015_alpha3 3 8 0.0966 0.0000 0.0000 0.3678 0.1935 2 '00000000--' 0.0303
topTuneBoost_Clef2015_alpha3 3 9 0.2272 0.3000 0.1091 0.5786 0.5784 3 '000-1--101' 0.2000
topTuneBoost_Clef2015_alpha4 4 1 0.0037 0.0000 0.0000 0.1389 0.0000 2 '0000-00-00' 0.0025
topTuneBoost_Clef2015_alpha4 4 10 0.0004 0.0000 0.0000 0.0484 0.0000 0 '0000000000' 0.0012
topTuneBoost_Clef2015_alpha4 4 11 0.1449 0.3000 0.3933 0.4926 0.1914 0 '1001010000' 1.0000
topTuneBoost_Clef2015_alpha4 4 12 0.0239 0.1000 0.1360 0.2200 0.0000 0 '0000000200' 0.1250
topTuneBoost_Clef2015_alpha4 4 13 0.2776 0.2000 0.2048 0.6519 0.5411 3 '0022-00--0' 0.3333
topTuneBoost_Clef2015_alpha4 4 14 0.1602 0.3000 0.1917 0.4881 0.2987 4 '010---110-' 0.5000
topTuneBoost_Clef2015_alpha4 4 15 0.1717 0.6000 0.3238 0.5383 0.6038 0 '0000121212' 0.2000
topTuneBoost_Clef2015_alpha4 4 16 0.0000 0.0000 0.0000 0.0000 0.0000 1 '00000000-0' 0.0000
topTuneBoost_Clef2015_alpha4 4 17 0.1667 0.1000 0.2961 0.2961 0.2222 2 '010000--00' 0.5000
topTuneBoost_Clef2015_alpha4 4 18 0.1068 0.0000 0.0000 0.3928 0.1202 1 '0000-00000' 0.0909
topTuneBoost_Clef2015_alpha4 4 19 0.0157 0.0000 0.0000 0.1773 0.0000 2 '000--00000' 0.0192
topTuneBoost_Clef2015_alpha4 4 2 0.1406 0.2000 0.1421 0.4369 0.1657 1 '00-2000010' 0.2500
topTuneBoost_Clef2015_alpha4 4 20 0.0977 0.1000 0.1100 0.3917 0.0748 1 '10000000-0' 1.0000
topTuneBoost_Clef2015_alpha4 4 21 0.1162 0.2000 0.1471 0.3818 0.1302 4 '000---210-' 0.1429
topTuneBoost_Clef2015_alpha4 4 22 0.1472 0.1000 0.1440 0.2499 0.1429 0 '1000000000' 1.0000
topTuneBoost_Clef2015_alpha4 4 23 0.4631 0.8000 0.6278 0.7532 0.7488 0 '1212122100' 1.0000
topTuneBoost_Clef2015_alpha4 4 24 0.1749 0.4000 0.2249 0.4390 0.2099 1 '100011-010' 1.0000
topTuneBoost_Clef2015_alpha4 4 25 0.0021 0.0000 0.0000 0.0641 0.0000 2 '-000000-00' 0.0063
topTuneBoost_Clef2015_alpha4 4 26 0.1085 0.1000 0.2044 0.3319 0.0000 4 '0---0010-0' 0.1429
topTuneBoost_Clef2015_alpha4 4 27 0.0333 0.0000 0.0000 0.2018 0.0000 7 '000-------' 0.0333
topTuneBoost_Clef2015_alpha4 4 28 0.2990 0.9000 0.9364 0.6530 0.4267 0 '1111111110' 1.0000
topTuneBoost_Clef2015_alpha4 4 29 0.5330 1.0000 0.8196 0.7494 0.7257 0 '1111111111' 1.0000
topTuneBoost_Clef2015_alpha4 4 3 0.1270 0.3000 0.3531 0.5373 0.6330 7 '21-------2' 1.0000
topTuneBoost_Clef2015_alpha4 4 30 0.1414 0.4000 0.2881 0.4224 0.3140 1 '0021-00110' 0.3333
topTuneBoost_Clef2015_alpha4 4 31 0.0337 0.2000 0.1695 0.2005 0.1015 2 '000120--00' 0.2500
topTuneBoost_Clef2015_alpha4 4 32 0.1901 0.6000 0.6746 0.5568 0.4513 4 '11-11--11-' 1.0000
topTuneBoost_Clef2015_alpha4 4 33 0.0398 0.3000 0.1736 0.1867 0.1717 5 '011---0--1' 0.5000
topTuneBoost_Clef2015_alpha4 4 34 0.4062 0.7000 0.3848 0.6475 0.5634 2 '111-111-01' 1.0000
topTuneBoost_Clef2015_alpha4 4 35 0.0937 0.1000 0.1804 0.4758 0.1800 4 '1000--0--0' 1.0000
topTuneBoost_Clef2015_alpha4 4 36 0.0002 0.0000 0.0000 0.0171 0.0000 4 '0000-00---' 0.0014
topTuneBoost_Clef2015_alpha4 4 37 0.2993 0.9000 0.5406 0.5600 0.6003 0 '1111111101' 1.0000
topTuneBoost_Clef2015_alpha4 4 38 0.2257 0.9000 0.4682 0.5071 0.4438 1 '111111111-' 1.0000
topTuneBoost_Clef2015_alpha4 4 39 0.2703 0.5000 0.6372 0.7008 0.6101 5 '1111--1---' 1.0000
topTuneBoost_Clef2015_alpha4 4 4 0.0401 0.0000 0.0000 0.2737 0.0494 0 '0000000000' 0.0909
topTuneBoost_Clef2015_alpha4 4 40 0.0454 0.0000 0.0000 0.2627 0.0000 2 '00--000000' 0.0400
topTuneBoost_Clef2015_alpha4 4 41 0.2793 0.3000 0.2401 0.5789 0.4090 2 '1100001-0-' 1.0000
topTuneBoost_Clef2015_alpha4 4 42 0.0000 0.0000 0.0000 0.0000 0.0000 2 '000000--00' 0.0000
topTuneBoost_Clef2015_alpha4 4 43 0.0696 0.0000 0.0000 0.3705 0.2126 3 '000-0--000' 0.0833
topTuneBoost_Clef2015_alpha4 4 44 0.1254 0.4000 0.5092 0.5570 0.2973 1 '1220010-00' 1.0000
topTuneBoost_Clef2015_alpha4 4 45 0.0245 0.0000 0.0000 0.2879 0.0000 1 '0000000-00' 0.0127
topTuneBoost_Clef2015_alpha4 4 46 0.1937 0.8000 0.6832 0.6402 0.6140 1 '21-0122222' 1.0000
topTuneBoost_Clef2015_alpha4 4 47 0.2636 0.5000 0.5889 0.6771 0.3633 1 '222020010-' 1.0000
topTuneBoost_Clef2015_alpha4 4 48 0.0003 0.0000 0.0000 0.0370 0.0000 4 '0000-0--0-' 0.0017
topTuneBoost_Clef2015_alpha4 4 49 0.0213 0.0000 0.0000 0.1791 0.0000 5 '00-0----00' 0.0213
topTuneBoost_Clef2015_alpha4 4 5 0.1808 0.3000 0.4086 0.5712 0.3125 3 '21010-0--0' 1.0000
topTuneBoost_Clef2015_alpha4 4 50 0.2155 0.2000 0.3413 0.5149 0.1600 3 '0200-00-1-' 0.5000
topTuneBoost_Clef2015_alpha4 4 51 0.2825 0.4000 0.4577 0.6621 0.2847 0 '1001001100' 1.0000
topTuneBoost_Clef2015_alpha4 4 52 0.0000 0.0000 0.0000 0.0000 0.0000 3 '000000---0' 0.0000
topTuneBoost_Clef2015_alpha4 4 53 0.0628 0.2000 0.2935 0.4346 0.0701 3 '100-0-1-00' 1.0000
topTuneBoost_Clef2015_alpha4 4 54 0.0161 0.0000 0.0000 0.1862 0.0000 1 '00000000-0' 0.0110
topTuneBoost_Clef2015_alpha4 4 55 0.0160 0.0000 0.0000 0.0865 0.0000 4 '00--000-0-' 0.0256
topTuneBoost_Clef2015_alpha4 4 56 0.0055 0.0000 0.0000 0.1025 0.0000 2 '00000000--' 0.0152
topTuneBoost_Clef2015_alpha4 4 57 0.4232 0.7000 0.5393 0.6978 0.7611 2 '1121011--1' 1.0000
topTuneBoost_Clef2015_alpha4 4 58 0.0175 0.0000 0.0000 0.1906 0.0000 0 '0000000000' 0.0118
topTuneBoost_Clef2015_alpha4 4 59 0.0614 0.3000 0.1862 0.2282 0.1790 1 '00001100-1' 0.2000
topTuneBoost_Clef2015_alpha4 4 6 0.1277 0.3000 0.3101 0.4422 0.1769 4 '2--1100-0-' 1.0000
topTuneBoost_Clef2015_alpha4 4 60 0.0675 0.1000 0.1130 0.2046 0.1094 4 '01000--0--' 0.5000
topTuneBoost_Clef2015_alpha4 4 61 0.1180 0.3000 0.1966 0.4658 0.1790 2 '0-1000-011' 0.3333
topTuneBoost_Clef2015_alpha4 4 63 0.3099 0.7000 0.4232 0.6000 0.5630 1 '01-0111111' 0.5000
topTuneBoost_Clef2015_alpha4 4 64 0.0326 0.0000 0.0000 0.2341 0.2959 6 '000----0--' 0.0417
topTuneBoost_Clef2015_alpha4 4 65 0.0259 0.0000 0.0000 0.2825 0.0804 4 '00--0000--' 0.0476
topTuneBoost_Clef2015_alpha4 4 66 0.3075 0.8000 0.7111 0.7249 0.7325 2 '22-122211-' 1.0000
topTuneBoost_Clef2015_alpha4 4 67 0.0940 0.2000 0.1378 0.3835 0.2656 5 '0-10-20---' 0.3333
topTuneBoost_Clef2015_alpha4 4 7 0.0000 0.0000 0.0000 0.0000 0.0000 3 '-00-00000-' 0.0000
topTuneBoost_Clef2015_alpha4 4 8 0.0809 0.0000 0.0000 0.3531 0.1779 4 '00000----0' 0.0250
topTuneBoost_Clef2015_alpha4 4 9 0.1817 0.4000 0.1442 0.5483 0.5346 3 '000-1-1-11' 0.2000
topTuneBoost_Clef2015_alpha5 5 1 0.0000 0.0000 0.0000 0.0000 0.0000 4 '0000-0-0--' 0.0000
topTuneBoost_Clef2015_alpha5 5 10 0.0000 0.0000 0.0000 0.0000 0.0000 0 '0000000000' 0.0000
topTuneBoost_Clef2015_alpha5 5 11 0.1078 0.2000 0.3149 0.3376 0.1445 1 '100100000-' 1.0000
topTuneBoost_Clef2015_alpha5 5 12 0.0268 0.1000 0.1536 0.2279 0.0408 1 '000002000-' 0.1667
topTuneBoost_Clef2015_alpha5 5 13 0.1986 0.0000 0.0000 0.5456 0.4912 3 '00-00--000' 0.0833
topTuneBoost_Clef2015_alpha5 5 14 0.1068 0.3000 0.1896 0.4260 0.2590 4 '010---101-' 0.5000
topTuneBoost_Clef2015_alpha5 5 15 0.1605 0.6000 0.3238 0.5185 0.5906 0 '0000121212' 0.2000
topTuneBoost_Clef2015_alpha5 5 16 0.0000 0.0000 0.0000 0.0000 0.0000 4 '000-0-0-0-' 0.0000
topTuneBoost_Clef2015_alpha5 5 17 0.1667 0.1000 0.2961 0.2961 0.2222 3 '0100-0-00-' 0.5000
topTuneBoost_Clef2015_alpha5 5 18 0.0689 0.0000 0.0000 0.3367 0.0975 2 '000-0-0000' 0.0909
topTuneBoost_Clef2015_alpha5 5 19 0.0169 0.0000 0.0000 0.1804 0.0000 5 '00--00-0--' 0.0213
topTuneBoost_Clef2015_alpha5 5 2 0.0844 0.3000 0.1568 0.3558 0.1716 1 '00-0002110' 0.1429
topTuneBoost_Clef2015_alpha5 5 20 0.0906 0.1000 0.1100 0.3808 0.1043 1 '1000-00000' 1.0000
topTuneBoost_Clef2015_alpha5 5 21 0.0831 0.1000 0.0473 0.3469 0.1065 4 '00-0--01-0' 0.1250
topTuneBoost_Clef2015_alpha5 5 22 0.0788 0.1000 0.0909 0.2352 0.1224 3 '0100000---' 0.5000
topTuneBoost_Clef2015_alpha5 5 23 0.3754 0.9000 0.7261 0.7035 0.6964 0 '1212122202' 1.0000
topTuneBoost_Clef2015_alpha5 5 24 0.1450 0.4000 0.2146 0.3441 0.1975 2 '1000-0111-' 1.0000
topTuneBoost_Clef2015_alpha5 5 25 0.0010 0.0000 0.0000 0.0562 0.0000 4 '-00000-0--' 0.0031
topTuneBoost_Clef2015_alpha5 5 26 0.0592 0.0000 0.0000 0.2704 0.0000 5 '0----000-0' 0.0833
topTuneBoost_Clef2015_alpha5 5 27 0.0147 0.0000 0.0000 0.1637 0.0000 7 '000-------' 0.0147
topTuneBoost_Clef2015_alpha5 5 28 0.2636 0.9000 0.9337 0.5938 0.3962 0 '1111111101' 1.0000
topTuneBoost_Clef2015_alpha5 5 29 0.4415 0.9000 0.7554 0.7055 0.6888 1 '11111-1111' 1.0000
topTuneBoost_Clef2015_alpha5 5 3 0.1115 0.2000 0.2201 0.4789 0.5705 8 '1-2-------' 1.0000
topTuneBoost_Clef2015_alpha5 5 30 0.1492 0.4000 0.4289 0.4750 0.3278 1 '2001-00110' 1.0000
topTuneBoost_Clef2015_alpha5 5 31 0.0237 0.2000 0.1714 0.1702 0.0878 3 '000201--0-' 0.2500
topTuneBoost_Clef2015_alpha5 5 32 0.1135 0.3000 0.3500 0.4621 0.4359 7 '1-------11' 1.0000
topTuneBoost_Clef2015_alpha5 5 33 0.0279 0.3000 0.1683 0.1583 0.1622 5 '0101---1--' 0.5000
topTuneBoost_Clef2015_alpha5 5 34 0.3918 0.8000 0.4208 0.6232 0.5717 2 '111-11111-' 1.0000
topTuneBoost_Clef2015_alpha5 5 35 0.0682 0.1000 0.1804 0.4115 0.1456 4 '100--0-0-0' 1.0000
topTuneBoost_Clef2015_alpha5 5 36 0.0002 0.0000 0.0000 0.0174 0.0000 2 '0000-00-00' 0.0016
topTuneBoost_Clef2015_alpha5 5 37 0.2827 0.9000 0.5406 0.5456 0.5733 0 '1111111101' 1.0000
topTuneBoost_Clef2015_alpha5 5 38 0.2218 0.9000 0.4682 0.5079 0.4045 1 '111111111-' 1.0000
topTuneBoost_Clef2015_alpha5 5 39 0.1936 0.3000 0.4252 0.6362 0.5931 7 '11------1-' 1.0000
topTuneBoost_Clef2015_alpha5 5 4 0.0318 0.1000 0.0473 0.1975 0.0648 2 '00000001--' 0.1250
topTuneBoost_Clef2015_alpha5 5 40 0.0408 0.0000 0.0000 0.2461 0.0000 3 '00--0000-0' 0.0455
topTuneBoost_Clef2015_alpha5 5 41 0.2545 0.3000 0.2379 0.4818 0.4188 2 '11000-010-' 1.0000
topTuneBoost_Clef2015_alpha5 5 42 0.0000 0.0000 0.0000 0.0000 0.0000 2 '000000--00' 0.0000
topTuneBoost_Clef2015_alpha5 5 43 0.0492 0.0000 0.0000 0.3429 0.2120 5 '00-00--0--' 0.0833
topTuneBoost_Clef2015_alpha5 5 44 0.1063 0.4000 0.5135 0.5072 0.2763 1 '1220100-00' 1.0000
topTuneBoost_Clef2015_alpha5 5 45 0.0051 0.0000 0.0000 0.1577 0.0000 1 '00000-0000' 0.0033
topTuneBoost_Clef2015_alpha5 5 46 0.1118 0.8000 0.6688 0.2676 0.2317 1 '2-10122222' 1.0000
topTuneBoost_Clef2015_alpha5 5 47 0.2924 0.5000 0.5985 0.7069 0.3754 1 '222200010-' 1.0000
topTuneBoost_Clef2015_alpha5 5 48 0.0000 0.0000 0.0000 0.0000 0.0000 6 '00---00---' 0.0000
topTuneBoost_Clef2015_alpha5 5 49 0.0139 0.0000 0.0000 0.1616 0.0000 4 '00-0000---' 0.0139
topTuneBoost_Clef2015_alpha5 5 5 0.1173 0.2000 0.3337 0.5139 0.2920 4 '201--00-0-' 1.0000
topTuneBoost_Clef2015_alpha5 5 50 0.0652 0.1000 0.1378 0.3128 0.0400 4 '0000---20-' 0.1250
topTuneBoost_Clef2015_alpha5 5 51 0.2430 0.4000 0.4545 0.5914 0.2569 0 '1001001010' 1.0000
topTuneBoost_Clef2015_alpha5 5 52 0.0000 0.0000 0.0000 0.0000 0.0000 4 '000000----' 0.0000
topTuneBoost_Clef2015_alpha5 5 53 0.0494 0.2000 0.2863 0.3586 0.1103 5 '1000----1-' 1.0000
topTuneBoost_Clef2015_alpha5 5 54 0.0060 0.0000 0.0000 0.1549 0.0000 2 '000000-00-' 0.0041
topTuneBoost_Clef2015_alpha5 5 55 0.0143 0.0000 0.0000 0.0852 0.0000 6 '0--0---0-0' 0.0303
topTuneBoost_Clef2015_alpha5 5 56 0.0004 0.0000 0.0000 0.0492 0.0000 7 '000-------' 0.0013
topTuneBoost_Clef2015_alpha5 5 57 0.3609 0.6000 0.4933 0.6638 0.7436 3 '11210-1-1-' 1.0000
topTuneBoost_Clef2015_alpha5 5 58 0.0137 0.0000 0.0000 0.1807 0.0000 0 '0000000000' 0.0092
topTuneBoost_Clef2015_alpha5 5 59 0.0269 0.1000 0.0643 0.1812 0.1410 3 '0000-100--' 0.1667
topTuneBoost_Clef2015_alpha5 5 6 0.1200 0.3000 0.3101 0.3825 0.2109 5 '2--11---00' 1.0000
topTuneBoost_Clef2015_alpha5 5 60 0.0628 0.1000 0.1130 0.1313 0.1094 5 '0100----0-' 0.5000
topTuneBoost_Clef2015_alpha5 5 61 0.0948 0.2000 0.1471 0.4412 0.1361 2 '0-100001-0' 0.3333
topTuneBoost_Clef2015_alpha5 5 63 0.1357 0.2000 0.1297 0.4494 0.4633 5 '0-1---0-10' 0.3333
topTuneBoost_Clef2015_alpha5 5 64 0.0103 0.0000 0.0000 0.1486 0.2331 7 '000-------' 0.0588
topTuneBoost_Clef2015_alpha5 5 65 0.0149 0.0000 0.0000 0.2344 0.1224 4 '00--00--00' 0.0370
topTuneBoost_Clef2015_alpha5 5 66 0.2247 0.8000 0.7082 0.5818 0.5042 2 '22-1222-11' 1.0000
topTuneBoost_Clef2015_alpha5 5 67 0.1184 0.2000 0.2116 0.3538 0.2743 6 '10-20-----' 1.0000
topTuneBoost_Clef2015_alpha5 5 7 0.0000 0.0000 0.0000 0.0000 0.0000 3 '-00-00-000' 0.0000
topTuneBoost_Clef2015_alpha5 5 8 0.0530 0.0000 0.0000 0.3176 0.1488 5 '00000-----' 0.0312
topTuneBoost_Clef2015_alpha5 5 9 0.1233 0.4000 0.1516 0.4960 0.5019 3 '000-111-1-' 0.2000
topTuneBoost_Clef2015_alpha6 6 1 0.0000 0.0000 0.0000 0.0000 0.0000 6 '00---00---' 0.0000
topTuneBoost_Clef2015_alpha6 6 10 0.0000 0.0000 0.0000 0.0000 0.0000 0 '0000000000' 0.0000
topTuneBoost_Clef2015_alpha6 6 11 0.1138 0.2000 0.3301 0.3364 0.1484 3 '1010000---' 1.0000
topTuneBoost_Clef2015_alpha6 6 12 0.0476 0.1000 0.2156 0.2156 0.1020 2 '0020-00-00' 0.3333
topTuneBoost_Clef2015_alpha6 6 13 0.0946 0.0000 0.0000 0.4466 0.4624 3 '00-0--0000' 0.0714
topTuneBoost_Clef2015_alpha6 6 14 0.0774 0.2000 0.1445 0.2605 0.2363 6 '010---1---' 0.5000
topTuneBoost_Clef2015_alpha6 6 15 0.1509 0.6000 0.3213 0.4944 0.5698 0 '0000112212' 0.2000
topTuneBoost_Clef2015_alpha6 6 16 0.0000 0.0000 0.0000 0.0000 0.0000 7 '00---0----' 0.0000
topTuneBoost_Clef2015_alpha6 6 17 0.0667 0.1000 0.1815 0.1815 0.0000 3 '000-1-00-0' 0.2000
topTuneBoost_Clef2015_alpha6 6 18 0.0411 0.0000 0.0000 0.2941 0.0862 2 '0-000-0000' 0.0833
topTuneBoost_Clef2015_alpha6 6 19 0.0167 0.0000 0.0000 0.1799 0.0000 5 '00-----000' 0.0244
topTuneBoost_Clef2015_alpha6 6 2 0.0335 0.1000 0.0368 0.1271 0.1479 4 '0000---01-' 0.1111
topTuneBoost_Clef2015_alpha6 6 20 0.0678 0.1000 0.1100 0.2698 0.0952 3 '1000-000--' 1.0000
topTuneBoost_Clef2015_alpha6 6 21 0.0594 0.0000 0.0000 0.3178 0.0888 4 '00-00-00--' 0.0833
topTuneBoost_Clef2015_alpha6 6 22 0.0811 0.1000 0.0909 0.2428 0.1224 3 '010000--0-' 0.5000
topTuneBoost_Clef2015_alpha6 6 23 0.3109 0.9000 0.7295 0.6113 0.5670 0 '1212212202' 1.0000
topTuneBoost_Clef2015_alpha6 6 24 0.0788 0.2000 0.0917 0.2697 0.1852 3 '0010-010--' 0.3333
topTuneBoost_Clef2015_alpha6 6 25 0.0000 0.0000 0.0000 0.0000 0.0000 5 '-0000--0--' 0.0000
topTuneBoost_Clef2015_alpha6 6 26 0.0196 0.0000 0.0000 0.1975 0.0000 6 '0-----000-' 0.0161
topTuneBoost_Clef2015_alpha6 6 27 0.0030 0.0000 0.0000 0.1193 0.0000 7 '-000------' 0.0030
topTuneBoost_Clef2015_alpha6 6 28 0.2333 0.8000 0.8701 0.4829 0.3213 1 '111111110-' 1.0000
topTuneBoost_Clef2015_alpha6 6 29 0.2648 0.8000 0.7032 0.5962 0.6102 2 '11111-111-' 1.0000
topTuneBoost_Clef2015_alpha6 6 3 0.0558 0.2000 0.1763 0.3375 0.4545 8 '1-------2-' 1.0000
topTuneBoost_Clef2015_alpha6 6 30 0.1473 0.4000 0.4571 0.4471 0.3324 1 '2100-00110' 1.0000
topTuneBoost_Clef2015_alpha6 6 31 0.0150 0.1000 0.1089 0.1340 0.0782 4 '000-2-0-0-' 0.2000
topTuneBoost_Clef2015_alpha6 6 32 0.0704 0.1000 0.2201 0.3430 0.3302 8 '1--------0' 1.0000
topTuneBoost_Clef2015_alpha6 6 33 0.0194 0.4000 0.1772 0.0943 0.0904 4 '001---111-' 0.3333
topTuneBoost_Clef2015_alpha6 6 34 0.3655 0.9000 0.4450 0.5884 0.5574 1 '11-1111111' 1.0000
topTuneBoost_Clef2015_alpha6 6 35 0.0526 0.1000 0.1804 0.3122 0.1278 5 '100--0--0-' 1.0000
topTuneBoost_Clef2015_alpha6 6 36 0.0002 0.0000 0.0000 0.0173 0.0000 2 '0000-00-00' 0.0016
topTuneBoost_Clef2015_alpha6 6 37 0.2337 0.9000 0.5421 0.4629 0.4622 0 '1111111110' 1.0000
topTuneBoost_Clef2015_alpha6 6 38 0.2043 0.9000 0.4682 0.5004 0.4017 1 '111111111-' 1.0000
topTuneBoost_Clef2015_alpha6 6 39 0.1148 0.2000 0.1682 0.4802 0.5212 8 '---1--1---' 0.2500
topTuneBoost_Clef2015_alpha6 6 4 0.0274 0.1000 0.0451 0.1891 0.0741 2 '000000-01-' 0.1111
topTuneBoost_Clef2015_alpha6 6 40 0.0307 0.0000 0.0000 0.1512 0.0000 4 '0--0000-0-' 0.0323
topTuneBoost_Clef2015_alpha6 6 41 0.2282 0.3000 0.2379 0.4377 0.4229 2 '11000-010-' 1.0000
topTuneBoost_Clef2015_alpha6 6 42 0.0000 0.0000 0.0000 0.0000 0.0000 4 '0000--00--' 0.0000
topTuneBoost_Clef2015_alpha6 6 43 0.0275 0.0000 0.0000 0.2811 0.2194 6 '00-00-----' 0.0833
topTuneBoost_Clef2015_alpha6 6 44 0.1021 0.4000 0.5197 0.4846 0.2656 2 '122100-0-0' 1.0000
topTuneBoost_Clef2015_alpha6 6 45 0.0000 0.0000 0.0000 0.0000 0.0000 3 '00000--0-0' 0.0000
topTuneBoost_Clef2015_alpha6 6 46 0.0930 0.6000 0.5389 0.2560 0.2335 3 '2-101222--' 1.0000
topTuneBoost_Clef2015_alpha6 6 47 0.3042 0.6000 0.6648 0.7148 0.4014 0 '2222000120' 1.0000
topTuneBoost_Clef2015_alpha6 6 48 0.0000 0.0000 0.0000 0.0000 0.0000 6 '00--00----' 0.0000
topTuneBoost_Clef2015_alpha6 6 49 0.0078 0.0000 0.0000 0.1424 0.0000 4 '00-000---0' 0.0078
topTuneBoost_Clef2015_alpha6 6 5 0.0477 0.1000 0.1684 0.3224 0.2812 5 '02---0-0-0' 0.5000
topTuneBoost_Clef2015_alpha6 6 50 0.0269 0.0000 0.0000 0.2117 0.0000 6 '0000------' 0.0500
topTuneBoost_Clef2015_alpha6 6 51 0.2111 0.3000 0.3785 0.5636 0.2222 0 '1001000001' 1.0000
topTuneBoost_Clef2015_alpha6 6 52 0.0000 0.0000 0.0000 0.0000 0.0000 4 '0000---00-' 0.0000
topTuneBoost_Clef2015_alpha6 6 53 0.0411 0.1000 0.2201 0.2718 0.1812 6 '100----0--' 1.0000
topTuneBoost_Clef2015_alpha6 6 54 0.0017 0.0000 0.0000 0.1073 0.0000 5 '00000-----' 0.0012
topTuneBoost_Clef2015_alpha6 6 55 0.0108 0.0000 0.0000 0.0795 0.0000 8 '--------00' 0.0233
topTuneBoost_Clef2015_alpha6 6 56 0.0000 0.0000 0.0000 0.0000 0.0000 8 '00--------' 0.0000
topTuneBoost_Clef2015_alpha6 6 57 0.3007 0.6000 0.4853 0.6235 0.7107 3 '112-0111--' 1.0000
topTuneBoost_Clef2015_alpha6 6 58 0.0056 0.0000 0.0000 0.1521 0.0000 0 '0000000000' 0.0038
topTuneBoost_Clef2015_alpha6 6 59 0.0115 0.1000 0.0601 0.1421 0.1183 4 '000-001---' 0.1429
topTuneBoost_Clef2015_alpha6 6 6 0.0971 0.3000 0.2960 0.2911 0.2472 6 '2----11-0-' 1.0000
topTuneBoost_Clef2015_alpha6 6 60 0.0417 0.1000 0.0895 0.0895 0.0938 5 '0010---0--' 0.3333
topTuneBoost_Clef2015_alpha6 6 61 0.0917 0.2000 0.1545 0.4382 0.1287 1 '0-10010000' 0.3333
topTuneBoost_Clef2015_alpha6 6 63 0.0336 0.1000 0.0540 0.2989 0.3523 8 '0-----1---' 0.1429
topTuneBoost_Clef2015_alpha6 6 64 0.0062 0.0000 0.0000 0.1022 0.1473 7 '000-------' 0.0588
topTuneBoost_Clef2015_alpha6 6 65 0.0080 0.0000 0.0000 0.1815 0.1301 5 '--00---000' 0.0278
topTuneBoost_Clef2015_alpha6 6 66 0.1769 0.8000 0.6877 0.5096 0.4529 2 '22--122211' 1.0000
topTuneBoost_Clef2015_alpha6 6 67 0.1151 0.2000 0.2116 0.3316 0.2830 6 '10-20-----' 1.0000
topTuneBoost_Clef2015_alpha6 6 7 0.0000 0.0000 0.0000 0.0000 0.0000 3 '-00--00000' 0.0000
topTuneBoost_Clef2015_alpha6 6 8 0.0275 0.0000 0.0000 0.2657 0.1186 5 '0000-0----' 0.0185
topTuneBoost_Clef2015_alpha6 6 9 0.0717 0.5000 0.2210 0.2954 0.2543 2 '000-11121-' 0.2000
topTuneBoost_Clef2015_alpha7 7 1 0.0000 0.0000 0.0000 0.0000 0.0000 9 '0---------' 0.0000
topTuneBoost_Clef2015_alpha7 7 10 0.0000 0.0000 0.0000 0.0000 0.0000 0 '0000000000' 0.0000
topTuneBoost_Clef2015_alpha7 7 11 0.1133 0.2000 0.3301 0.3006 0.1602 4 '1010---00-' 1.0000
topTuneBoost_Clef2015_alpha7 7 12 0.0286 0.1000 0.1668 0.1668 0.1020 5 '0-0-200---' 0.2000
topTuneBoost_Clef2015_alpha7 7 13 0.0211 0.0000 0.0000 0.2685 0.3258 3 '0-00-0-000' 0.0526
topTuneBoost_Clef2015_alpha7 7 14 0.0663 0.2000 0.1445 0.1984 0.2344 6 '010---1---' 0.5000
topTuneBoost_Clef2015_alpha7 7 15 0.1435 0.6000 0.3197 0.4885 0.5698 0 '0000112122' 0.2000
topTuneBoost_Clef2015_alpha7 7 16 0.0000 0.0000 0.0000 0.0000 0.0000 7 '00-----0--' 0.0000
topTuneBoost_Clef2015_alpha7 7 17 0.0303 0.0000 0.0000 0.1309 0.0000 4 '000--00--0' 0.0909
topTuneBoost_Clef2015_alpha7 7 18 0.0232 0.0000 0.0000 0.1397 0.0726 4 '0-0-00-00-' 0.0588
topTuneBoost_Clef2015_alpha7 7 19 0.0180 0.0000 0.0000 0.1832 0.0278 7 '0-----00--' 0.0323
topTuneBoost_Clef2015_alpha7 7 2 0.0192 0.0000 0.0000 0.1062 0.1124 6 '00----00--' 0.0714
topTuneBoost_Clef2015_alpha7 7 20 0.0550 0.1000 0.1100 0.1692 0.1179 3 '1000-000--' 1.0000
topTuneBoost_Clef2015_alpha7 7 21 0.0448 0.0000 0.0000 0.2758 0.0828 4 '00-0-000--' 0.0769
topTuneBoost_Clef2015_alpha7 7 22 0.0387 0.1000 0.0557 0.2088 0.0612 3 '00001-0-0-' 0.2000
topTuneBoost_Clef2015_alpha7 7 23 0.2884 0.9000 0.7295 0.5136 0.4143 0 '1212212202' 1.0000
topTuneBoost_Clef2015_alpha7 7 24 0.0514 0.2000 0.0793 0.1567 0.1698 3 '00-01010--' 0.2000
topTuneBoost_Clef2015_alpha7 7 25 0.0000 0.0000 0.0000 0.0000 0.0000 6 '----0-000-' 0.0000
topTuneBoost_Clef2015_alpha7 7 26 0.0113 0.0000 0.0000 0.1753 0.0000 8 '0-----0---' 0.0092
topTuneBoost_Clef2015_alpha7 7 27 0.0017 0.0000 0.0000 0.1088 0.0000 7 '-00---0---' 0.0017
topTuneBoost_Clef2015_alpha7 7 28 0.2097 0.8000 0.8522 0.4600 0.3099 1 '1111101-11' 1.0000
topTuneBoost_Clef2015_alpha7 7 29 0.1190 0.8000 0.5615 0.4198 0.4810 2 '-11-111111' 0.5000
topTuneBoost_Clef2015_alpha7 7 3 0.0267 0.2000 0.1763 0.1767 0.2290 8 '1-------2-' 1.0000
topTuneBoost_Clef2015_alpha7 7 30 0.1319 0.4000 0.4571 0.4202 0.3352 1 '21-0000110' 1.0000
topTuneBoost_Clef2015_alpha7 7 31 0.0072 0.1000 0.0938 0.1052 0.0686 4 '000--02-0-' 0.1429
topTuneBoost_Clef2015_alpha7 7 32 0.0489 0.1000 0.2201 0.2656 0.2466 8 '1--------0' 1.0000
topTuneBoost_Clef2015_alpha7 7 33 0.0175 0.4000 0.1687 0.0841 0.0823 4 '00-1--111-' 0.2500
topTuneBoost_Clef2015_alpha7 7 34 0.3585 0.8000 0.4132 0.5874 0.5622 1 '11-1111110' 1.0000
topTuneBoost_Clef2015_alpha7 7 35 0.0170 0.1000 0.0601 0.1696 0.1156 5 '00--0-1--0' 0.1429
topTuneBoost_Clef2015_alpha7 7 36 0.0002 0.0000 0.0000 0.0172 0.0000 3 '0000-00--0' 0.0015
topTuneBoost_Clef2015_alpha7 7 37 0.2086 0.9000 0.5421 0.3690 0.2979 0 '1111111110' 1.0000
topTuneBoost_Clef2015_alpha7 7 38 0.1540 0.8000 0.4351 0.3724 0.3764 2 '11111111--' 1.0000
topTuneBoost_Clef2015_alpha7 7 39 0.0680 0.1000 0.0734 0.3709 0.4481 9 '------1---' 0.1429
topTuneBoost_Clef2015_alpha7 7 4 0.0243 0.1000 0.0473 0.1716 0.0833 2 '0000-0-100' 0.1250
topTuneBoost_Clef2015_alpha7 7 40 0.0135 0.0000 0.0000 0.1254 0.0000 5 '--00000---' 0.0204
topTuneBoost_Clef2015_alpha7 7 41 0.2026 0.2000 0.1993 0.4099 0.4237 2 '110000-0-0' 1.0000
topTuneBoost_Clef2015_alpha7 7 42 0.0000 0.0000 0.0000 0.0000 0.0000 7 '000-------' 0.0000
topTuneBoost_Clef2015_alpha7 7 43 0.0124 0.0000 0.0000 0.1700 0.1871 7 '00----0---' 0.0714
topTuneBoost_Clef2015_alpha7 7 44 0.0931 0.4000 0.5092 0.4739 0.2695 3 '122-010-0-' 1.0000
topTuneBoost_Clef2015_alpha7 7 45 0.0000 0.0000 0.0000 0.0000 0.0000 4 '00-0000---' 0.0000
topTuneBoost_Clef2015_alpha7 7 46 0.0638 0.5000 0.3585 0.2140 0.2291 4 '-21---0122' 0.5000
topTuneBoost_Clef2015_alpha7 7 47 0.3219 0.6000 0.6807 0.7266 0.4204 0 '2222200001' 1.0000
topTuneBoost_Clef2015_alpha7 7 48 0.0000 0.0000 0.0000 0.0000 0.0000 6 '00--00----' 0.0000
topTuneBoost_Clef2015_alpha7 7 49 0.0037 0.0000 0.0000 0.1236 0.0000 4 '0-0000---0' 0.0037
topTuneBoost_Clef2015_alpha7 7 5 0.0274 0.1000 0.1684 0.2508 0.2646 7 '02--0-----' 0.5000
topTuneBoost_Clef2015_alpha7 7 50 0.0160 0.0000 0.0000 0.1294 0.0000 6 '0000------' 0.0357
topTuneBoost_Clef2015_alpha7 7 51 0.1926 0.2000 0.3149 0.5444 0.2222 1 '100100000-' 1.0000
topTuneBoost_Clef2015_alpha7 7 52 0.0000 0.0000 0.0000 0.0000 0.0000 5 '000----0-0' 0.0000
topTuneBoost_Clef2015_alpha7 7 53 0.0386 0.1000 0.2201 0.2215 0.1892 6 '100------0' 1.0000
topTuneBoost_Clef2015_alpha7 7 54 0.0000 0.0000 0.0000 0.0000 0.0000 7 '00----0---' 0.0000
topTuneBoost_Clef2015_alpha7 7 55 0.0078 0.0000 0.0000 0.0737 0.0000 9 '--------0-' 0.0227
topTuneBoost_Clef2015_alpha7 7 56 0.0000 0.0000 0.0000 0.0000 0.0000 8 '00--------' 0.0000
topTuneBoost_Clef2015_alpha7 7 57 0.2395 0.5000 0.4288 0.5063 0.5866 4 '11-2101---' 1.0000
topTuneBoost_Clef2015_alpha7 7 58 0.0024 0.0000 0.0000 0.1323 0.0000 0 '0000000000' 0.0016
topTuneBoost_Clef2015_alpha7 7 59 0.0047 0.0000 0.0000 0.0889 0.0833 5 '00-00---0-' 0.0667
topTuneBoost_Clef2015_alpha7 7 6 0.0946 0.3000 0.2960 0.2799 0.2540 7 '2----11---' 1.0000
topTuneBoost_Clef2015_alpha7 7 60 0.0417 0.1000 0.0895 0.0895 0.0938 6 '0010------' 0.3333
topTuneBoost_Clef2015_alpha7 7 61 0.0865 0.2000 0.1475 0.4285 0.1095 2 '0-0110000-' 0.2500
topTuneBoost_Clef2015_alpha7 7 63 0.0080 0.0000 0.0000 0.1514 0.1746 7 '0-----0--0' 0.0769
topTuneBoost_Clef2015_alpha7 7 64 0.0042 0.0000 0.0000 0.0849 0.1202 6 '000------0' 0.0556
topTuneBoost_Clef2015_alpha7 7 65 0.0051 0.0000 0.0000 0.1485 0.1339 5 '----00-000' 0.0222
topTuneBoost_Clef2015_alpha7 7 66 0.1278 0.7000 0.6102 0.4521 0.4098 3 '2-2--12221' 1.0000
topTuneBoost_Clef2015_alpha7 7 67 0.1135 0.2000 0.2116 0.3119 0.2813 6 '10-20-----' 1.0000
topTuneBoost_Clef2015_alpha7 7 7 0.0000 0.0000 0.0000 0.0000 0.0000 4 '-00--0000-' 0.0000
topTuneBoost_Clef2015_alpha7 7 8 0.0085 0.0000 0.0000 0.1768 0.0458 5 '000-----00' 0.0094
topTuneBoost_Clef2015_alpha7 7 9 0.0610 0.5000 0.2255 0.2620 0.2254 2 '000-12111-' 0.2000
topTuneBoost_Clef2015_alpha8 8 1 0.0000 0.0000 0.0000 0.0000 0.0000 9 '0---------' 0.0000
topTuneBoost_Clef2015_alpha8 8 10 0.0000 0.0000 0.0000 0.0000 0.0000 0 '0000000000' 0.0000
topTuneBoost_Clef2015_alpha8 8 11 0.1092 0.2000 0.3301 0.2940 0.1562 6 '101---0---' 1.0000
topTuneBoost_Clef2015_alpha8 8 12 0.0204 0.1000 0.1437 0.1437 0.1020 5 '00----200-' 0.1429
topTuneBoost_Clef2015_alpha8 8 13 0.0025 0.0000 0.0000 0.0411 0.0575 4 '0-00-0-0-0' 0.0455
topTuneBoost_Clef2015_alpha8 8 14 0.0553 0.2000 0.1418 0.1879 0.2420 6 '010----1--' 0.5000
topTuneBoost_Clef2015_alpha8 8 15 0.1325 0.6000 0.3197 0.4630 0.5393 0 '0000112122' 0.2000
topTuneBoost_Clef2015_alpha8 8 16 0.0000 0.0000 0.0000 0.0000 0.0000 8 '0-----0---' 0.0000
topTuneBoost_Clef2015_alpha8 8 17 0.0208 0.0000 0.0000 0.1148 0.0000 5 '000--00---' 0.0625
topTuneBoost_Clef2015_alpha8 8 18 0.0171 0.0000 0.0000 0.1114 0.0816 5 '0-0---0-00' 0.0556
topTuneBoost_Clef2015_alpha8 8 19 0.0171 0.0000 0.0000 0.1809 0.0278 8 '--0------0' 0.0286
topTuneBoost_Clef2015_alpha8 8 2 0.0087 0.0000 0.0000 0.0826 0.0947 8 '-00-------' 0.0526
topTuneBoost_Clef2015_alpha8 8 20 0.0520 0.1000 0.1100 0.1210 0.1134 3 '100-0000--' 1.0000
topTuneBoost_Clef2015_alpha8 8 21 0.0360 0.0000 0.0000 0.2631 0.0828 4 '0-00-00-0-' 0.0769
topTuneBoost_Clef2015_alpha8 8 22 0.0181 0.0000 0.0000 0.1554 0.0408 5 '0000---0--' 0.0714
topTuneBoost_Clef2015_alpha8 8 23 0.2795 0.9000 0.7261 0.5082 0.4138 0 '1212122202' 1.0000
topTuneBoost_Clef2015_alpha8 8 24 0.0302 0.1000 0.0426 0.1196 0.1296 5 '0-0010----' 0.2000
topTuneBoost_Clef2015_alpha8 8 25 0.0000 0.0000 0.0000 0.0000 0.0000 9 '------0---' 0.0000
topTuneBoost_Clef2015_alpha8 8 26 0.0026 0.0000 0.0000 0.1338 0.0000 8 '0------0--' 0.0018
topTuneBoost_Clef2015_alpha8 8 27 0.0013 0.0000 0.0000 0.1048 0.0000 7 '------000-' 0.0013
topTuneBoost_Clef2015_alpha8 8 28 0.1968 0.8000 0.8482 0.4490 0.3058 1 '111110-111' 1.0000
topTuneBoost_Clef2015_alpha8 8 29 0.0542 0.2000 0.2040 0.2546 0.2801 8 '-11-------' 0.5000
topTuneBoost_Clef2015_alpha8 8 3 0.0207 0.1000 0.1100 0.1020 0.1130 9 '1---------' 1.0000
topTuneBoost_Clef2015_alpha8 8 30 0.1140 0.4000 0.4533 0.4052 0.3352 1 '21-0000011' 1.0000
topTuneBoost_Clef2015_alpha8 8 31 0.0018 0.0000 0.0000 0.0715 0.0576 7 '-000------' 0.0120
topTuneBoost_Clef2015_alpha8 8 32 0.0200 0.2000 0.1299 0.1650 0.1944 7 '-------011' 0.1111
topTuneBoost_Clef2015_alpha8 8 33 0.0174 0.4000 0.1687 0.0747 0.0643 4 '00-1--111-' 0.2500
topTuneBoost_Clef2015_alpha8 8 34 0.3558 0.8000 0.4132 0.5848 0.5675 1 '11-1111110' 1.0000
topTuneBoost_Clef2015_alpha8 8 35 0.0122 0.0000 0.0000 0.1474 0.1000 6 '00--0---0-' 0.0833
topTuneBoost_Clef2015_alpha8 8 36 0.0002 0.0000 0.0000 0.0171 0.0000 3 '0000--00-0' 0.0015
topTuneBoost_Clef2015_alpha8 8 37 0.1841 0.9000 0.5421 0.3374 0.2694 0 '1111111110' 1.0000
topTuneBoost_Clef2015_alpha8 8 38 0.1239 0.8000 0.4351 0.2292 0.2163 2 '11111111--' 1.0000
topTuneBoost_Clef2015_alpha8 8 39 0.0439 0.0000 0.0000 0.3125 0.4062 10 '----------' 0.0909
topTuneBoost_Clef2015_alpha8 8 4 0.0227 0.1000 0.0473 0.1564 0.0926 2 '000-00-100' 0.1250
topTuneBoost_Clef2015_alpha8 8 40 0.0040 0.0000 0.0000 0.0968 0.0000 5 '--0000---0' 0.0098
topTuneBoost_Clef2015_alpha8 8 41 0.1487 0.2000 0.1993 0.3772 0.4261 3 '110000--0-' 1.0000
topTuneBoost_Clef2015_alpha8 8 42 0.0000 0.0000 0.0000 0.0000 0.0000 7 '000-------' 0.0000
topTuneBoost_Clef2015_alpha8 8 43 0.0080 0.0000 0.0000 0.1451 0.1655 7 '00-----0--' 0.0625
topTuneBoost_Clef2015_alpha8 8 44 0.0720 0.4000 0.4153 0.4298 0.2723 4 '1-022-01--' 1.0000
topTuneBoost_Clef2015_alpha8 8 45 0.0000 0.0000 0.0000 0.0000 0.0000 5 '0--000---0' 0.0000
topTuneBoost_Clef2015_alpha8 8 46 0.0381 0.2000 0.1939 0.1805 0.2147 8 '-21-------' 0.5000
topTuneBoost_Clef2015_alpha8 8 47 0.3275 0.6000 0.6807 0.7291 0.4360 0 '2222200001' 1.0000
topTuneBoost_Clef2015_alpha8 8 48 0.0000 0.0000 0.0000 0.0000 0.0000 6 '00---00---' 0.0000
topTuneBoost_Clef2015_alpha8 8 49 0.0013 0.0000 0.0000 0.1040 0.0000 4 '0-00-00--0' 0.0013
topTuneBoost_Clef2015_alpha8 8 5 0.0103 0.1000 0.0951 0.1454 0.1797 7 '0---02----' 0.1667
topTuneBoost_Clef2015_alpha8 8 50 0.0011 0.0000 0.0000 0.0729 0.0000 6 '0000------' 0.0022
topTuneBoost_Clef2015_alpha8 8 51 0.1827 0.2000 0.3149 0.5310 0.2222 2 '10010000--' 1.0000
topTuneBoost_Clef2015_alpha8 8 52 0.0000 0.0000 0.0000 0.0000 0.0000 5 '000-----00' 0.0000
topTuneBoost_Clef2015_alpha8 8 53 0.0386 0.1000 0.2201 0.2122 0.1848 7 '1------00-' 1.0000
topTuneBoost_Clef2015_alpha8 8 54 0.0000 0.0000 0.0000 0.0000 0.0000 9 '0---------' 0.0000
topTuneBoost_Clef2015_alpha8 8 55 0.0055 0.0000 0.0000 0.0677 0.0000 10 '----------' 0.0179
topTuneBoost_Clef2015_alpha8 8 56 0.0000 0.0000 0.0000 0.0000 0.0000 8 '00--------' 0.0000
topTuneBoost_Clef2015_alpha8 8 57 0.1999 0.6000 0.4530 0.3973 0.3791 3 '1-112110--' 1.0000
topTuneBoost_Clef2015_alpha8 8 58 0.0016 0.0000 0.0000 0.1245 0.0000 0 '0000000000' 0.0011
topTuneBoost_Clef2015_alpha8 8 59 0.0021 0.0000 0.0000 0.0693 0.0679 6 '-0000-----' 0.0286
topTuneBoost_Clef2015_alpha8 8 6 0.0854 0.3000 0.2915 0.2693 0.2517 7 '2-----11--' 1.0000
topTuneBoost_Clef2015_alpha8 8 60 0.0417 0.1000 0.0895 0.0895 0.0938 6 '0010------' 0.3333
topTuneBoost_Clef2015_alpha8 8 61 0.0847 0.2000 0.1475 0.4259 0.0888 1 '0-01100000' 0.2500
topTuneBoost_Clef2015_alpha8 8 63 0.0021 0.0000 0.0000 0.0741 0.1023 7 '0-0-----0-' 0.0250
topTuneBoost_Clef2015_alpha8 8 64 0.0028 0.0000 0.0000 0.0737 0.1059 6 '-000----0-' 0.0500
topTuneBoost_Clef2015_alpha8 8 65 0.0037 0.0000 0.0000 0.1404 0.1467 5 '-----00000' 0.0145
topTuneBoost_Clef2015_alpha8 8 66 0.0623 0.2000 0.2489 0.3326 0.3276 7 '-22---0---' 0.5000
topTuneBoost_Clef2015_alpha8 8 67 0.1109 0.2000 0.2116 0.3089 0.2743 5 '10-20---0-' 1.0000
topTuneBoost_Clef2015_alpha8 8 7 0.0000 0.0000 0.0000 0.0000 0.0000 4 '-00--0000-' 0.0000
topTuneBoost_Clef2015_alpha8 8 8 0.0004 0.0000 0.0000 0.0191 0.0385 7 '00-----0--' 0.0058
topTuneBoost_Clef2015_alpha8 8 9 0.0528 0.4000 0.1989 0.2570 0.2254 3 '0002-1--11' 0.2500
topTuneBoost_Clef2015_alpha9 9 1 0.0000 0.0000 0.0000 0.0000 0.0000 9 '-0--------' 0.0000
topTuneBoost_Clef2015_alpha9 9 10 0.0000 0.0000 0.0000 0.0000 0.0000 1 '00000000-0' 0.0000
topTuneBoost_Clef2015_alpha9 9 11 0.1291 0.2000 0.3590 0.3136 0.1562 7 '110-------' 1.0000
topTuneBoost_Clef2015_alpha9 9 12 0.0159 0.1000 0.1298 0.1298 0.0816 6 '00----0-2-' 0.1111
topTuneBoost_Clef2015_alpha9 9 13 0.0016 0.0000 0.0000 0.0363 0.0579 4 '-00-00--00' 0.0370
topTuneBoost_Clef2015_alpha9 9 14 0.0465 0.2000 0.1418 0.1770 0.2401 6 '010----1--' 0.5000
topTuneBoost_Clef2015_alpha9 9 15 0.1217 0.6000 0.3197 0.4486 0.5217 0 '0000112122' 0.2000
topTuneBoost_Clef2015_alpha9 9 16 0.0000 0.0000 0.0000 0.0000 0.0000 8 '0-----0---' 0.0000
topTuneBoost_Clef2015_alpha9 9 17 0.0078 0.0000 0.0000 0.0860 0.0000 5 '000--00---' 0.0233
topTuneBoost_Clef2015_alpha9 9 18 0.0092 0.0000 0.0000 0.0886 0.0680 7 '00---0----' 0.0278
topTuneBoost_Clef2015_alpha9 9 19 0.0169 0.0000 0.0000 0.1799 0.0556 8 '------0--0' 0.0294
topTuneBoost_Clef2015_alpha9 9 2 0.0058 0.0000 0.0000 0.0753 0.0828 8 '------00--' 0.0357
topTuneBoost_Clef2015_alpha9 9 20 0.0498 0.1000 0.1100 0.1168 0.1111 3 '10-00000--' 1.0000
topTuneBoost_Clef2015_alpha9 9 21 0.0290 0.0000 0.0000 0.2503 0.0828 4 '0-00-00-0-' 0.0769
topTuneBoost_Clef2015_alpha9 9 22 0.0095 0.0000 0.0000 0.1395 0.0000 5 '000---00--' 0.0204
topTuneBoost_Clef2015_alpha9 9 23 0.2726 0.9000 0.7337 0.5081 0.4143 0 '1221122202' 1.0000
topTuneBoost_Clef2015_alpha9 9 24 0.0206 0.1000 0.0474 0.0984 0.0926 5 '0-0100----' 0.2500
topTuneBoost_Clef2015_alpha9 9 25 0.0000 0.0000 0.0000 0.0000 0.0000 9 '-0--------' 0.0000
topTuneBoost_Clef2015_alpha9 9 26 0.0000 0.0000 0.0000 0.0000 0.0000 8 '0-------0-' 0.0000
topTuneBoost_Clef2015_alpha9 9 27 0.0000 0.0000 0.0000 0.0000 0.0000 9 '------0---' 0.0000
topTuneBoost_Clef2015_alpha9 9 28 0.1905 0.8000 0.8482 0.4417 0.3084 1 '111110-111' 1.0000
topTuneBoost_Clef2015_alpha9 9 29 0.0258 0.2000 0.2040 0.1860 0.2236 8 '-11-------' 0.5000
topTuneBoost_Clef2015_alpha9 9 3 0.0180 0.1000 0.1100 0.0770 0.0611 9 '1---------' 1.0000
topTuneBoost_Clef2015_alpha9 9 30 0.1018 0.4000 0.4533 0.3917 0.3444 3 '21-000--11' 1.0000
topTuneBoost_Clef2015_alpha9 9 31 0.0012 0.0000 0.0000 0.0651 0.0535 7 '------000-' 0.0123
topTuneBoost_Clef2015_alpha9 9 32 0.0112 0.2000 0.1299 0.1303 0.1670 7 '-------011' 0.1111
topTuneBoost_Clef2015_alpha9 9 33 0.0163 0.4000 0.1655 0.0730 0.0643 4 '00-1--1-11' 0.2500
topTuneBoost_Clef2015_alpha9 9 34 0.3292 0.8000 0.4132 0.5445 0.5491 1 '11-1111110' 1.0000
topTuneBoost_Clef2015_alpha9 9 35 0.0097 0.0000 0.0000 0.1307 0.0956 7 '00--0-----' 0.0667
topTuneBoost_Clef2015_alpha9 9 36 0.0002 0.0000 0.0000 0.0171 0.0000 3 '0000--00-0' 0.0015
topTuneBoost_Clef2015_alpha9 9 37 0.1332 0.9000 0.5421 0.2868 0.2306 0 '1111111110' 1.0000
topTuneBoost_Clef2015_alpha9 9 38 0.1143 0.8000 0.4351 0.2221 0.2107 2 '11111111--' 1.0000
topTuneBoost_Clef2015_alpha9 9 39 0.0243 0.0000 0.0000 0.2322 0.3319 10 '----------' 0.0370
topTuneBoost_Clef2015_alpha9 9 4 0.0202 0.1000 0.0473 0.1268 0.0926 3 '000-0-010-' 0.1250
topTuneBoost_Clef2015_alpha9 9 40 0.0004 0.0000 0.0000 0.0217 0.0000 5 '--0000---0' 0.0018
topTuneBoost_Clef2015_alpha9 9 41 0.0844 0.2000 0.1833 0.3177 0.4220 5 '10100-----' 1.0000
topTuneBoost_Clef2015_alpha9 9 42 0.0000 0.0000 0.0000 0.0000 0.0000 7 '000-------' 0.0000
topTuneBoost_Clef2015_alpha9 9 43 0.0046 0.0000 0.0000 0.1063 0.1321 7 '00-----0--' 0.0526
topTuneBoost_Clef2015_alpha9 9 44 0.0604 0.3000 0.3234 0.4046 0.2716 5 '1-0---220-' 1.0000
topTuneBoost_Clef2015_alpha9 9 45 0.0000 0.0000 0.0000 0.0000 0.0000 9 '-0--------' 0.0000
topTuneBoost_Clef2015_alpha9 9 46 0.0285 0.2000 0.1939 0.1533 0.1765 8 '-21-------' 0.5000
topTuneBoost_Clef2015_alpha9 9 47 0.3367 0.6000 0.7152 0.7351 0.4498 2 '222220--20' 1.0000
topTuneBoost_Clef2015_alpha9 9 48 0.0000 0.0000 0.0000 0.0000 0.0000 6 '00---00---' 0.0000
topTuneBoost_Clef2015_alpha9 9 49 0.0000 0.0000 0.0000 0.0000 0.0000 4 '0-00-00--0' 0.0000
topTuneBoost_Clef2015_alpha9 9 5 0.0044 0.0000 0.0000 0.0993 0.1660 8 '0--------0' 0.0250
topTuneBoost_Clef2015_alpha9 9 50 0.0000 0.0000 0.0000 0.0000 0.0000 6 '0000------' 0.0000
topTuneBoost_Clef2015_alpha9 9 51 0.1511 0.2000 0.2985 0.4945 0.2083 2 '1000010-0-' 1.0000
topTuneBoost_Clef2015_alpha9 9 52 0.0000 0.0000 0.0000 0.0000 0.0000 5 '000-----00' 0.0000
topTuneBoost_Clef2015_alpha9 9 53 0.0380 0.1000 0.2201 0.2109 0.1943 8 '10--------' 1.0000
topTuneBoost_Clef2015_alpha9 9 54 0.0000 0.0000 0.0000 0.0000 0.0000 9 '0---------' 0.0000
topTuneBoost_Clef2015_alpha9 9 55 0.0048 0.0000 0.0000 0.0655 0.0000 10 '----------' 0.0156
topTuneBoost_Clef2015_alpha9 9 56 0.0000 0.0000 0.0000 0.0000 0.0000 8 '00--------' 0.0000
topTuneBoost_Clef2015_alpha9 9 57 0.1521 0.6000 0.4215 0.3585 0.3747 3 '1-11-011-2' 1.0000
topTuneBoost_Clef2015_alpha9 9 58 0.0016 0.0000 0.0000 0.1240 0.0000 2 '00000000--' 0.0011
topTuneBoost_Clef2015_alpha9 9 59 0.0012 0.0000 0.0000 0.0630 0.0606 7 '-0------00' 0.0119
topTuneBoost_Clef2015_alpha9 9 6 0.0782 0.3000 0.2879 0.2509 0.2222 7 '2------11-' 1.0000
topTuneBoost_Clef2015_alpha9 9 60 0.0156 0.1000 0.0565 0.0565 0.0781 6 '00-0---1--' 0.1250
topTuneBoost_Clef2015_alpha9 9 61 0.0721 0.2000 0.1112 0.4029 0.0754 1 '0-00000110' 0.1250
topTuneBoost_Clef2015_alpha9 9 63 0.0006 0.0000 0.0000 0.0289 0.0599 7 '0-0-----0-' 0.0084
topTuneBoost_Clef2015_alpha9 9 64 0.0017 0.0000 0.0000 0.0566 0.0791 6 '-000---0--' 0.0357
topTuneBoost_Clef2015_alpha9 9 65 0.0010 0.0000 0.0000 0.0649 0.0829 6 '-----0000-' 0.0076
topTuneBoost_Clef2015_alpha9 9 66 0.0424 0.2000 0.2337 0.2657 0.2585 7 '-2-2--0---' 0.5000
topTuneBoost_Clef2015_alpha9 9 67 0.1088 0.2000 0.2116 0.3057 0.2743 5 '10-20---0-' 1.0000
topTuneBoost_Clef2015_alpha9 9 7 0.0000 0.0000 0.0000 0.0000 0.0000 4 '-00--0000-' 0.0000
topTuneBoost_Clef2015_alpha9 9 8 0.0002 0.0000 0.0000 0.0099 0.0219 8 '00--------' 0.0052
topTuneBoost_Clef2015_alpha9 9 9 0.0462 0.4000 0.1944 0.2491 0.2263 3 '0002---111' 0.2500
