schema alpha  QueryNum map p10 ndcg10 ndcg1000 bpref unjudged relString rr
topTuneBoost_Hard2003_alpha0 0 102 0.7264 1.0000 1.0000 0.9212 0.8751 0 '2222222222' 1.0000
topTuneBoost_Hard2003_alpha0 0 105 0.2674 0.6000 0.5216 0.6365 0.2519 0 '0212220200' 0.5000
topTuneBoost_Hard2003_alpha0 0 115 0.0205 0.0000 0.0000 0.1669 0.0000 0 '0000000000' 0.0455
topTuneBoost_Hard2003_alpha0 0 116 0.4406 1.0000 0.7667 0.7606 0.6704 0 '2121112122' 1.0000
topTuneBoost_Hard2003_alpha0 0 117 0.0006 0.0000 0.0000 0.0351 0.0000 0 '0000000000' 0.0090
topTuneBoost_Hard2003_alpha0 0 124 0.4617 0.3000 0.4690 0.7854 0.3500 0 '2220000000' 1.0000
topTuneBoost_Hard2003_alpha0 0 146 0.1644 0.6000 0.6469 0.4795 0.3063 0 '2210220200' 1.0000
topTuneBoost_Hard2003_alpha0 0 147 0.3777 0.9000 0.9306 0.6479 0.5547 0 '2222222022' 1.0000
topTuneBoost_Hard2003_alpha0 0 154 0.0414 0.0000 0.0000 0.2474 0.0000 0 '0000000000' 0.0294
topTuneBoost_Hard2003_alpha0 0 155 0.0648 0.2000 0.1428 0.3921 0.0849 0 '0000001100' 0.1429
topTuneBoost_Hard2003_alpha0 0 157 0.0726 0.5000 0.2790 0.1186 0.1523 0 '1011000101' 1.0000
topTuneBoost_Hard2003_alpha0 0 171 0.2264 0.6000 0.5418 0.6362 0.3927 0 '2020110022' 1.0000
topTuneBoost_Hard2003_alpha0 0 176 0.0019 0.0000 0.0000 0.0679 0.0000 0 '0000000000' 0.0094
topTuneBoost_Hard2003_alpha0 0 177 0.0055 0.0000 0.0000 0.0997 0.0000 0 '0000000000' 0.0179
topTuneBoost_Hard2003_alpha0 0 180 0.3146 0.6000 0.6805 0.7260 0.3391 0 '2220020202' 1.0000
topTuneBoost_Hard2003_alpha0 0 182 0.1142 0.2000 0.1799 0.4444 0.1552 0 '0002200000' 0.2500
topTuneBoost_Hard2003_alpha0 0 186 0.0020 0.0000 0.0000 0.0999 0.0000 0 '0000000000' 0.0109
topTuneBoost_Hard2003_alpha0 0 187 0.0404 0.1000 0.0694 0.2552 0.1541 0 '0000000200' 0.1250
topTuneBoost_Hard2003_alpha0 0 190 0.0811 0.1000 0.0694 0.3837 0.0760 0 '0000000200' 0.1250
topTuneBoost_Hard2003_alpha0 0 194 0.2803 0.7000 0.5315 0.5632 0.3523 0 '0220021221' 0.5000
topTuneBoost_Hard2003_alpha0 0 196 0.5457 0.9000 0.9266 0.8011 0.6647 0 '2222220222' 1.0000
topTuneBoost_Hard2003_alpha0 0 198 0.1134 0.2000 0.1041 0.4415 0.2271 0 '0100000100' 0.5000
topTuneBoost_Hard2003_alpha0 0 203 0.3336 0.7000 0.4896 0.6382 0.2801 0 '1211002011' 1.0000
topTuneBoost_Hard2003_alpha0 0 215 0.6206 0.2000 0.1126 0.8209 0.7365 0 '0000012000' 0.1667
topTuneBoost_Hard2003_alpha0 0 217 0.0578 0.0000 0.0000 0.3623 0.0000 0 '0000000000' 0.0238
topTuneBoost_Hard2003_alpha0 0 220 0.0123 0.0000 0.0000 0.2049 0.0000 0 '0000000000' 0.0104
topTuneBoost_Hard2003_alpha0 0 222 0.3287 0.8000 0.5567 0.5529 0.5302 0 '1020222111' 1.0000
topTuneBoost_Hard2003_alpha0 0 223 0.4236 1.0000 0.7288 0.6307 0.5809 0 '1112221222' 1.0000
topTuneBoost_Hard2003_alpha0 0 226 0.0977 0.1000 0.0474 0.4701 0.0612 0 '0001000000' 0.2500
topTuneBoost_Hard2003_alpha0 0 228 0.0000 0.0000 0.0000 0.0000 0.0000 4 '00---0000-' 0.0000
topTuneBoost_Hard2003_alpha0 0 229 0.1267 1.0000 1.0000 0.2500 0.1272 0 '2222222222' 1.0000
topTuneBoost_Hard2003_alpha0 0 231 0.1023 0.3000 0.4690 0.3344 0.0950 0 '1110000000' 1.0000
topTuneBoost_Hard2003_alpha0 0 233 0.1791 0.3000 0.2809 0.5484 0.2836 0 '0200020002' 0.5000
topTuneBoost_Hard2003_alpha0 0 234 0.4025 0.8000 0.8643 0.7359 0.4226 0 '2222222002' 1.0000
topTuneBoost_Hard2003_alpha0 0 235 0.0134 0.1000 0.0694 0.1891 0.0215 0 '0000000200' 0.1250
topTuneBoost_Hard2003_alpha0 0 237 0.6931 0.9000 0.6110 0.8105 0.7912 0 '0211222121' 0.5000
topTuneBoost_Hard2003_alpha0 0 33 0.4006 1.0000 1.0000 0.6540 0.5816 0 '2222222222' 1.0000
topTuneBoost_Hard2003_alpha0 0 36 0.6095 0.9000 0.9266 0.8168 0.5825 0 '2222220222' 1.0000
topTuneBoost_Hard2003_alpha0 0 44 0.7287 0.8000 0.8190 0.9289 0.6445 0 '2222202012' 1.0000
topTuneBoost_Hard2003_alpha0 0 48 0.5231 1.0000 0.9682 0.7395 0.7186 0 '2222222221' 1.0000
topTuneBoost_Hard2003_alpha0 0 51 0.4604 1.0000 1.0000 0.6576 0.5636 0 '2222222222' 1.0000
topTuneBoost_Hard2003_alpha0 0 53 0.3454 0.5000 0.3630 0.7018 0.4382 0 '0020022201' 0.3333
topTuneBoost_Hard2003_alpha0 0 59 0.1718 0.1000 0.3026 0.4656 0.1667 1 '200-000000' 1.0000
topTuneBoost_Hard2003_alpha0 0 65 0.7234 1.0000 1.0000 0.8836 0.7737 0 '2222222222' 1.0000
topTuneBoost_Hard2003_alpha0 0 69 0.0766 0.5000 0.3088 0.2155 0.1981 0 '0111002002' 0.5000
topTuneBoost_Hard2003_alpha0 0 70 0.3261 0.6000 0.3355 0.6473 0.3641 0 '1001020111' 1.0000
topTuneBoost_Hard2003_alpha0 0 77 0.0418 0.3000 0.2298 0.2556 0.1168 0 '0000220020' 0.2000
topTuneBoost_Hard2003_alpha0 0 84 0.0458 0.0000 0.0000 0.3465 0.0141 0 '0000000000' 0.0357
topTuneBoost_Hard2003_alpha0 0 87 0.6855 0.7000 0.7910 0.8943 0.6782 0 '2222220002' 1.0000
topTuneBoost_Hard2003_alpha0 0 99 0.1898 0.5000 0.4803 0.4968 0.4018 0 '2201010100' 1.0000
topTuneBoost_Hard2003_alpha1 1 102 0.7392 1.0000 0.9286 0.9144 0.8752 0 '2222221122' 1.0000
topTuneBoost_Hard2003_alpha1 1 105 0.2358 0.6000 0.5072 0.6123 0.2217 0 '0122220200' 0.5000
topTuneBoost_Hard2003_alpha1 1 115 0.0178 0.0000 0.0000 0.1612 0.0000 0 '0000000000' 0.0400
topTuneBoost_Hard2003_alpha1 1 116 0.4607 1.0000 0.7335 0.7698 0.6867 0 '1221122121' 1.0000
topTuneBoost_Hard2003_alpha1 1 117 0.0006 0.0000 0.0000 0.0350 0.0000 0 '0000000000' 0.0087
topTuneBoost_Hard2003_alpha1 1 124 0.4642 0.4000 0.5424 0.7882 0.3700 0 '2220002000' 1.0000
topTuneBoost_Hard2003_alpha1 1 146 0.1719 0.7000 0.7132 0.4935 0.3132 0 '2210220220' 1.0000
topTuneBoost_Hard2003_alpha1 1 147 0.3902 0.9000 0.9306 0.6582 0.5659 0 '2222222022' 1.0000
topTuneBoost_Hard2003_alpha1 1 154 0.0420 0.0000 0.0000 0.2508 0.0000 0 '0000000000' 0.0385
topTuneBoost_Hard2003_alpha1 1 155 0.0617 0.2000 0.1357 0.3867 0.0817 0 '0000000110' 0.1250
topTuneBoost_Hard2003_alpha1 1 157 0.0764 0.6000 0.3235 0.1205 0.1516 0 '1011101001' 1.0000
topTuneBoost_Hard2003_alpha1 1 171 0.2637 0.6000 0.5558 0.6818 0.4189 0 '2021100220' 1.0000
topTuneBoost_Hard2003_alpha1 1 176 0.0018 0.0000 0.0000 0.0668 0.0000 0 '0000000000' 0.0067
topTuneBoost_Hard2003_alpha1 1 177 0.0057 0.0000 0.0000 0.1004 0.0000 0 '0000000000' 0.0222
topTuneBoost_Hard2003_alpha1 1 180 0.3648 0.6000 0.6473 0.7465 0.4162 0 '2200202022' 1.0000
topTuneBoost_Hard2003_alpha1 1 182 0.0916 0.2000 0.1585 0.4271 0.1151 0 '0000202000' 0.2000
topTuneBoost_Hard2003_alpha1 1 186 0.0035 0.0000 0.0000 0.1332 0.0000 0 '0000000000' 0.0145
topTuneBoost_Hard2003_alpha1 1 187 0.0419 0.1000 0.0948 0.2600 0.1558 0 '0002000000' 0.2500
topTuneBoost_Hard2003_alpha1 1 190 0.0990 0.0000 0.0000 0.3944 0.1304 0 '0000000000' 0.0833
topTuneBoost_Hard2003_alpha1 1 194 0.2913 0.7000 0.6753 0.5947 0.3563 0 '2200022122' 1.0000
topTuneBoost_Hard2003_alpha1 1 196 0.5790 1.0000 1.0000 0.8122 0.6772 0 '2222222222' 1.0000
topTuneBoost_Hard2003_alpha1 1 198 0.1206 0.2000 0.1026 0.4642 0.2245 0 '0100000010' 0.5000
topTuneBoost_Hard2003_alpha1 1 203 0.3258 0.7000 0.4830 0.6383 0.2906 0 '1210012101' 1.0000
topTuneBoost_Hard2003_alpha1 1 215 0.6892 0.3000 0.2068 0.8381 0.7957 0 '0002100200' 0.2500
topTuneBoost_Hard2003_alpha1 1 217 0.0606 0.0000 0.0000 0.3680 0.0000 0 '0000000000' 0.0294
topTuneBoost_Hard2003_alpha1 1 220 0.0110 0.0000 0.0000 0.1881 0.0029 0 '0000000000' 0.0139
topTuneBoost_Hard2003_alpha1 1 222 0.3329 0.8000 0.5428 0.5484 0.5265 0 '0212111220' 0.5000
topTuneBoost_Hard2003_alpha1 1 223 0.4385 1.0000 0.7290 0.6417 0.5862 0 '1221112221' 1.0000
topTuneBoost_Hard2003_alpha1 1 226 0.0900 0.1000 0.0550 0.4623 0.0605 0 '0010000000' 0.3333
topTuneBoost_Hard2003_alpha1 1 228 0.0000 0.0000 0.0000 0.0000 0.0000 4 '00-0--000-' 0.0000
topTuneBoost_Hard2003_alpha1 1 229 0.1267 1.0000 1.0000 0.2500 0.1272 0 '2222222222' 1.0000
topTuneBoost_Hard2003_alpha1 1 231 0.1067 0.3000 0.4690 0.4042 0.1045 0 '1110000000' 1.0000
topTuneBoost_Hard2003_alpha1 1 233 0.1984 0.5000 0.4951 0.5727 0.2853 0 '0222200020' 0.5000
topTuneBoost_Hard2003_alpha1 1 234 0.3994 0.8000 0.8643 0.7357 0.4186 0 '2222222002' 1.0000
topTuneBoost_Hard2003_alpha1 1 235 0.0140 0.0000 0.0000 0.1787 0.0152 0 '0000000000' 0.0435
topTuneBoost_Hard2003_alpha1 1 237 0.7300 0.9000 0.6311 0.8298 0.8028 0 '1122101221' 1.0000
topTuneBoost_Hard2003_alpha1 1 33 0.3973 1.0000 1.0000 0.6511 0.5767 0 '2222222222' 1.0000
topTuneBoost_Hard2003_alpha1 1 36 0.5901 0.9000 0.9306 0.8206 0.5781 0 '2222222022' 1.0000
topTuneBoost_Hard2003_alpha1 1 44 0.7524 0.9000 0.8898 0.9381 0.6523 0 '2222202221' 1.0000
topTuneBoost_Hard2003_alpha1 1 48 0.5442 1.0000 0.9653 0.7595 0.7451 0 '2222222122' 1.0000
topTuneBoost_Hard2003_alpha1 1 51 0.4584 1.0000 1.0000 0.6571 0.5639 0 '2222222222' 1.0000
topTuneBoost_Hard2003_alpha1 1 53 0.4723 1.0000 1.0000 0.8050 0.4800 0 '2222222222' 1.0000
topTuneBoost_Hard2003_alpha1 1 59 0.1722 0.1000 0.3026 0.4677 0.1667 1 '2000-00000' 1.0000
topTuneBoost_Hard2003_alpha1 1 65 0.7172 1.0000 1.0000 0.8752 0.7661 0 '2222222222' 1.0000
topTuneBoost_Hard2003_alpha1 1 69 0.0793 0.3000 0.2220 0.2187 0.1984 0 '1100100000' 1.0000
topTuneBoost_Hard2003_alpha1 1 70 0.3504 0.5000 0.3688 0.6581 0.3781 0 '1020101200' 1.0000
topTuneBoost_Hard2003_alpha1 1 77 0.0417 0.2000 0.1428 0.2560 0.1152 0 '0000002200' 0.1429
topTuneBoost_Hard2003_alpha1 1 84 0.0402 0.0000 0.0000 0.3321 0.0114 0 '0000000000' 0.0303
topTuneBoost_Hard2003_alpha1 1 87 0.6639 0.7000 0.7910 0.8855 0.6540 0 '2222220002' 1.0000
topTuneBoost_Hard2003_alpha1 1 99 0.2084 0.6000 0.5197 0.5166 0.4205 0 '2210010101' 1.0000
topTuneBoost_Hard2003_alpha10 10 102 0.1718 1.0000 0.9682 0.5310 0.5644 0 '2222222221' 1.0000
topTuneBoost_Hard2003_alpha10 10 105 0.0036 0.0000 0.0000 0.0687 0.0232 0 '0000000000' 0.0244
topTuneBoost_Hard2003_alpha10 10 115 0.0000 0.0000 0.0000 0.0000 0.0000 10 '----------' 0.0000
topTuneBoost_Hard2003_alpha10 10 116 0.0882 0.5000 0.4636 0.2858 0.2343 5 '-2222--1--' 0.5000
topTuneBoost_Hard2003_alpha10 10 117 0.0000 0.0000 0.0000 0.0000 0.0000 3 '0-00-000-0' 0.0000
topTuneBoost_Hard2003_alpha10 10 124 0.0591 0.1000 0.1389 0.2365 0.1000 5 '-2-0-0--00' 0.5000
topTuneBoost_Hard2003_alpha10 10 146 0.0071 0.0000 0.0000 0.0913 0.0934 6 '0---00---0' 0.0526
topTuneBoost_Hard2003_alpha10 10 147 0.0795 0.7000 0.7538 0.2264 0.1654 3 '222--222-2' 1.0000
topTuneBoost_Hard2003_alpha10 10 154 0.0037 0.0000 0.0000 0.0516 0.0000 0 '0000000000' 0.0256
topTuneBoost_Hard2003_alpha10 10 155 0.0000 0.0000 0.0000 0.0089 0.0076 5 '00000-----' 0.0012
topTuneBoost_Hard2003_alpha10 10 157 0.0070 0.1000 0.1100 0.0366 0.0519 9 '1---------' 1.0000
topTuneBoost_Hard2003_alpha10 10 171 0.1446 0.2000 0.3590 0.4679 0.4696 7 '22-0------' 1.0000
topTuneBoost_Hard2003_alpha10 10 176 0.0001 0.0000 0.0000 0.0218 0.0164 8 '-0-0------' 0.0014
topTuneBoost_Hard2003_alpha10 10 177 0.0001 0.0000 0.0000 0.0094 0.0138 2 '0000000--0' 0.0020
topTuneBoost_Hard2003_alpha10 10 180 0.0995 0.1000 0.2201 0.4784 0.5005 8 '20--------' 1.0000
topTuneBoost_Hard2003_alpha10 10 182 0.0021 0.0000 0.0000 0.0654 0.0986 5 '000-0-0---' 0.0132
topTuneBoost_Hard2003_alpha10 10 186 0.0018 0.0000 0.0000 0.0863 0.0000 8 '00--------' 0.0017
topTuneBoost_Hard2003_alpha10 10 187 0.0023 0.1000 0.0347 0.0411 0.0515 8 '---0---1--' 0.1250
topTuneBoost_Hard2003_alpha10 10 190 0.0847 0.5000 0.2759 0.2026 0.1636 0 '0021111000' 0.3333
topTuneBoost_Hard2003_alpha10 10 194 0.0776 0.4000 0.5424 0.2774 0.2004 2 '2220-02-00' 1.0000
topTuneBoost_Hard2003_alpha10 10 196 0.2088 0.9000 0.8900 0.3982 0.3074 1 '22-2222222' 1.0000
topTuneBoost_Hard2003_alpha10 10 198 0.1134 0.3000 0.2736 0.4772 0.3731 3 '100-2200--' 1.0000
topTuneBoost_Hard2003_alpha10 10 203 0.1504 0.3000 0.3039 0.4395 0.2012 0 '1210000000' 1.0000
topTuneBoost_Hard2003_alpha10 10 215 0.5101 0.8000 0.7760 0.7449 0.7488 2 '2-22-22222' 1.0000
topTuneBoost_Hard2003_alpha10 10 217 0.0169 0.0000 0.0000 0.2775 0.0889 8 '00--------' 0.0263
topTuneBoost_Hard2003_alpha10 10 220 0.0020 0.1000 0.0694 0.0416 0.0429 4 '00-0---200' 0.1250
topTuneBoost_Hard2003_alpha10 10 222 0.0503 0.4000 0.5088 0.2659 0.2712 5 '22120-----' 1.0000
topTuneBoost_Hard2003_alpha10 10 223 0.0448 0.6000 0.6173 0.1911 0.1624 4 '122222----' 1.0000
topTuneBoost_Hard2003_alpha10 10 226 0.0037 0.1000 0.0784 0.0532 0.0472 4 '--00-2-000' 0.1667
topTuneBoost_Hard2003_alpha10 10 228 0.0000 0.0000 0.0000 0.0000 0.0000 5 '---00-000-' 0.0000
topTuneBoost_Hard2003_alpha10 10 229 0.0000 0.0000 0.0000 0.0000 0.0000 10 '----------' 0.0000
topTuneBoost_Hard2003_alpha10 10 231 0.0063 0.0000 0.0000 0.1613 0.0044 0 '0000000000' 0.0050
topTuneBoost_Hard2003_alpha10 10 233 0.0529 0.4000 0.5077 0.2544 0.1526 3 '22-02-0-02' 1.0000
topTuneBoost_Hard2003_alpha10 10 234 0.0451 0.5000 0.6489 0.1669 0.0492 2 '222220--00' 1.0000
topTuneBoost_Hard2003_alpha10 10 235 0.0273 0.1000 0.2201 0.1114 0.0492 8 '2----0----' 1.0000
topTuneBoost_Hard2003_alpha10 10 237 0.3138 1.0000 0.6785 0.5125 0.4254 0 '2111112112' 1.0000
topTuneBoost_Hard2003_alpha10 10 33 0.0507 0.8000 0.8669 0.2312 0.1989 0 '2222222020' 1.0000
topTuneBoost_Hard2003_alpha10 10 36 0.1659 0.7000 0.7453 0.3913 0.2406 1 '22022022-2' 1.0000
topTuneBoost_Hard2003_alpha10 10 44 0.2946 0.5000 0.5737 0.6482 0.3359 0 '2022200002' 1.0000
topTuneBoost_Hard2003_alpha10 10 48 0.0770 0.5000 0.6332 0.3053 0.3192 5 '2222---2--' 1.0000
topTuneBoost_Hard2003_alpha10 10 51 0.1592 0.5000 0.4257 0.3432 0.2996 4 '--2220-22-' 0.3333
topTuneBoost_Hard2003_alpha10 10 53 0.2427 0.4000 0.3536 0.6157 0.4753 3 '--22200-02' 0.3333
topTuneBoost_Hard2003_alpha10 10 59 0.0000 0.0000 0.0000 0.0000 0.0000 3 '00-000-0-0' 0.0000
topTuneBoost_Hard2003_alpha10 10 65 0.1266 1.0000 1.0000 0.2621 0.1544 0 '2222222222' 1.0000
topTuneBoost_Hard2003_alpha10 10 69 0.0314 0.7000 0.4013 0.1097 0.0965 1 '0112111-02' 0.5000
topTuneBoost_Hard2003_alpha10 10 70 0.1511 0.4000 0.4017 0.3372 0.2689 5 '2-12----01' 1.0000
topTuneBoost_Hard2003_alpha10 10 77 0.0296 0.6000 0.7152 0.1292 0.0459 2 '222220-02-' 1.0000
topTuneBoost_Hard2003_alpha10 10 84 0.0021 0.0000 0.0000 0.0588 0.0078 8 '0-0-------' 0.0047
topTuneBoost_Hard2003_alpha10 10 87 0.0060 0.0000 0.0000 0.1291 0.0000 4 '00-0000---' 0.0208
topTuneBoost_Hard2003_alpha10 10 99 0.0423 0.3000 0.2002 0.2343 0.2022 7 '----221---' 0.2000
topTuneBoost_Hard2003_alpha2 2 102 0.7392 1.0000 0.9241 0.9057 0.8716 0 '2222211222' 1.0000
topTuneBoost_Hard2003_alpha2 2 105 0.1785 0.4000 0.3594 0.5692 0.1402 0 '0122200000' 0.5000
topTuneBoost_Hard2003_alpha2 2 115 0.0128 0.0000 0.0000 0.1480 0.0000 0 '0000000000' 0.0244
topTuneBoost_Hard2003_alpha2 2 116 0.4767 1.0000 0.7475 0.7788 0.6944 0 '1222211121' 1.0000
topTuneBoost_Hard2003_alpha2 2 117 0.0005 0.0000 0.0000 0.0343 0.0000 0 '0000000000' 0.0085
topTuneBoost_Hard2003_alpha2 2 124 0.4426 0.4000 0.5474 0.7731 0.3800 0 '2220020000' 1.0000
topTuneBoost_Hard2003_alpha2 2 146 0.1720 0.7000 0.7082 0.4930 0.3167 0 '2210202220' 1.0000
topTuneBoost_Hard2003_alpha2 2 147 0.3857 0.8000 0.8630 0.6402 0.5504 0 '2222220220' 1.0000
topTuneBoost_Hard2003_alpha2 2 154 0.0431 0.0000 0.0000 0.2564 0.0000 0 '0000000000' 0.0588
topTuneBoost_Hard2003_alpha2 2 155 0.0595 0.2000 0.1357 0.3836 0.0817 0 '0000000110' 0.1250
topTuneBoost_Hard2003_alpha2 2 157 0.0751 0.7000 0.3609 0.1208 0.1510 0 '1100110111' 1.0000
topTuneBoost_Hard2003_alpha2 2 171 0.2885 0.7000 0.6194 0.7012 0.4499 0 '2021100222' 1.0000
topTuneBoost_Hard2003_alpha2 2 176 0.0029 0.0000 0.0000 0.0893 0.0000 0 '0000000000' 0.0055
topTuneBoost_Hard2003_alpha2 2 177 0.0047 0.0000 0.0000 0.0905 0.0028 0 '0000000000' 0.0278
topTuneBoost_Hard2003_alpha2 2 180 0.3926 0.6000 0.6212 0.7586 0.4673 0 '2202000221' 1.0000
topTuneBoost_Hard2003_alpha2 2 182 0.0673 0.2000 0.1518 0.4245 0.0980 0 '0000022000' 0.1667
topTuneBoost_Hard2003_alpha2 2 186 0.0066 0.0000 0.0000 0.1798 0.0000 0 '0000000000' 0.0200
topTuneBoost_Hard2003_alpha2 2 187 0.0399 0.1000 0.1389 0.2593 0.1560 0 '0200000000' 0.5000
topTuneBoost_Hard2003_alpha2 2 190 0.1076 0.1000 0.0784 0.4063 0.1508 0 '0000020000' 0.1667
topTuneBoost_Hard2003_alpha2 2 194 0.2944 0.7000 0.6489 0.6077 0.3577 0 '2200202112' 1.0000
topTuneBoost_Hard2003_alpha2 2 196 0.5982 1.0000 1.0000 0.8171 0.6874 0 '2222222222' 1.0000
topTuneBoost_Hard2003_alpha2 2 198 0.1289 0.3000 0.1707 0.4731 0.2352 0 '0100000201' 0.5000
topTuneBoost_Hard2003_alpha2 2 203 0.3193 0.7000 0.4512 0.6177 0.2899 0 '1110022011' 1.0000
topTuneBoost_Hard2003_alpha2 2 215 0.7280 0.4000 0.4050 0.8687 0.8260 0 '2010000022' 1.0000
topTuneBoost_Hard2003_alpha2 2 217 0.0645 0.0000 0.0000 0.3768 0.0000 0 '0000000000' 0.0455
topTuneBoost_Hard2003_alpha2 2 220 0.0106 0.0000 0.0000 0.1889 0.0066 0 '0000000000' 0.0161
topTuneBoost_Hard2003_alpha2 2 222 0.3309 0.8000 0.6809 0.5532 0.5222 0 '2022121102' 1.0000
topTuneBoost_Hard2003_alpha2 2 223 0.4368 1.0000 0.8082 0.6397 0.5811 0 '1222112222' 1.0000
topTuneBoost_Hard2003_alpha2 2 226 0.0894 0.2000 0.1952 0.4755 0.0413 1 '1000200-00' 1.0000
topTuneBoost_Hard2003_alpha2 2 228 0.0000 0.0000 0.0000 0.0000 0.0000 4 '000---000-' 0.0000
topTuneBoost_Hard2003_alpha2 2 229 0.1267 1.0000 1.0000 0.2500 0.1272 0 '2222222222' 1.0000
topTuneBoost_Hard2003_alpha2 2 231 0.1176 0.3000 0.4690 0.4567 0.1176 0 '1110000000' 1.0000
topTuneBoost_Hard2003_alpha2 2 233 0.2028 0.7000 0.7412 0.5926 0.2792 0 '2202022220' 1.0000
topTuneBoost_Hard2003_alpha2 2 234 0.3585 0.8000 0.8643 0.6970 0.3663 0 '2222222002' 1.0000
topTuneBoost_Hard2003_alpha2 2 235 0.0197 0.1000 0.0948 0.2001 0.0388 0 '0002000000' 0.2500
topTuneBoost_Hard2003_alpha2 2 237 0.7554 1.0000 0.6735 0.8367 0.8104 0 '1121222111' 1.0000
topTuneBoost_Hard2003_alpha2 2 33 0.3838 1.0000 1.0000 0.6494 0.5772 0 '2222222222' 1.0000
topTuneBoost_Hard2003_alpha2 2 36 0.5827 0.8000 0.8643 0.8183 0.5713 0 '2222222002' 1.0000
topTuneBoost_Hard2003_alpha2 2 44 0.7053 0.9000 0.8734 0.9166 0.6289 0 '2220222221' 1.0000
topTuneBoost_Hard2003_alpha2 2 48 0.5331 1.0000 0.9633 0.7539 0.7413 0 '2222221222' 1.0000
topTuneBoost_Hard2003_alpha2 2 51 0.4391 1.0000 1.0000 0.6454 0.5544 0 '2222222222' 1.0000
topTuneBoost_Hard2003_alpha2 2 53 0.4864 1.0000 1.0000 0.8110 0.4915 0 '2222222222' 1.0000
topTuneBoost_Hard2003_alpha2 2 59 0.1727 0.1000 0.3026 0.4702 0.1667 0 '2000000000' 1.0000
topTuneBoost_Hard2003_alpha2 2 65 0.7101 1.0000 1.0000 0.8733 0.7614 0 '2222222222' 1.0000
topTuneBoost_Hard2003_alpha2 2 69 0.0771 0.5000 0.3272 0.2185 0.2002 0 '1101001002' 1.0000
topTuneBoost_Hard2003_alpha2 2 70 0.3520 0.5000 0.4147 0.6496 0.3871 0 '1202010001' 1.0000
topTuneBoost_Hard2003_alpha2 2 77 0.0379 0.2000 0.1428 0.2405 0.1112 0 '0000002200' 0.1429
topTuneBoost_Hard2003_alpha2 2 84 0.0352 0.0000 0.0000 0.3244 0.0131 0 '0000000000' 0.0213
topTuneBoost_Hard2003_alpha2 2 87 0.6181 0.7000 0.7910 0.8671 0.5952 0 '2222220002' 1.0000
topTuneBoost_Hard2003_alpha2 2 99 0.2112 0.7000 0.5938 0.5184 0.4205 0 '2201120101' 1.0000
topTuneBoost_Hard2003_alpha3 3 102 0.7306 1.0000 0.9241 0.8993 0.8702 0 '2222211222' 1.0000
topTuneBoost_Hard2003_alpha3 3 105 0.1256 0.2000 0.1795 0.5106 0.0721 0 '0120000000' 0.5000
topTuneBoost_Hard2003_alpha3 3 115 0.0077 0.0000 0.0000 0.1307 0.0000 1 '000000000-' 0.0156
topTuneBoost_Hard2003_alpha3 3 116 0.4866 1.0000 0.7809 0.7787 0.6937 0 '1222211212' 1.0000
topTuneBoost_Hard2003_alpha3 3 117 0.0004 0.0000 0.0000 0.0327 0.0000 0 '0000000000' 0.0065
topTuneBoost_Hard2003_alpha3 3 124 0.4378 0.4000 0.5541 0.7658 0.3900 0 '2220200000' 1.0000
topTuneBoost_Hard2003_alpha3 3 146 0.1699 0.6000 0.6254 0.4910 0.3217 0 '2210020202' 1.0000
topTuneBoost_Hard2003_alpha3 3 147 0.3682 0.9000 0.9149 0.6239 0.5403 0 '2222022222' 1.0000
topTuneBoost_Hard2003_alpha3 3 154 0.0405 0.0000 0.0000 0.2520 0.0000 0 '0000000000' 0.0526
topTuneBoost_Hard2003_alpha3 3 155 0.0456 0.0000 0.0000 0.3380 0.0790 2 '000000--00' 0.0909
topTuneBoost_Hard2003_alpha3 3 157 0.0654 0.7000 0.3645 0.1172 0.1502 1 '11001111-1' 1.0000
topTuneBoost_Hard2003_alpha3 3 171 0.3113 0.7000 0.6466 0.6937 0.4892 0 '2202211001' 1.0000
topTuneBoost_Hard2003_alpha3 3 176 0.0022 0.0000 0.0000 0.0757 0.0000 0 '0000000000' 0.0053
topTuneBoost_Hard2003_alpha3 3 177 0.0040 0.0000 0.0000 0.0880 0.0083 0 '0000000000' 0.0333
topTuneBoost_Hard2003_alpha3 3 180 0.4020 0.6000 0.5911 0.7506 0.5114 0 '2022000212' 1.0000
topTuneBoost_Hard2003_alpha3 3 182 0.0471 0.2000 0.1518 0.3508 0.0861 0 '0000022000' 0.1667
topTuneBoost_Hard2003_alpha3 3 186 0.0058 0.0000 0.0000 0.1400 0.0000 0 '0000000000' 0.0270
topTuneBoost_Hard2003_alpha3 3 187 0.0342 0.1000 0.1389 0.2499 0.1540 0 '0200000000' 0.5000
topTuneBoost_Hard2003_alpha3 3 190 0.1387 0.5000 0.3047 0.4429 0.1596 0 '0201111000' 0.5000
topTuneBoost_Hard2003_alpha3 3 194 0.2878 0.6000 0.6326 0.6075 0.3621 0 '2202012020' 1.0000
topTuneBoost_Hard2003_alpha3 3 196 0.5992 1.0000 1.0000 0.8195 0.6943 0 '2222222222' 1.0000
topTuneBoost_Hard2003_alpha3 3 198 0.1384 0.3000 0.1924 0.4851 0.2468 0 '0012100000' 0.3333
topTuneBoost_Hard2003_alpha3 3 203 0.3052 0.6000 0.4155 0.6109 0.2761 0 '1110020210' 1.0000
topTuneBoost_Hard2003_alpha3 3 215 0.7528 0.6000 0.4303 0.8766 0.8437 0 '2100011011' 1.0000
topTuneBoost_Hard2003_alpha3 3 217 0.0690 0.0000 0.0000 0.3844 0.0000 0 '0000000000' 0.0556
topTuneBoost_Hard2003_alpha3 3 220 0.0095 0.0000 0.0000 0.1735 0.0130 1 '000000000-' 0.0286
topTuneBoost_Hard2003_alpha3 3 222 0.3034 0.8000 0.7128 0.5432 0.5163 0 '2220101122' 1.0000
topTuneBoost_Hard2003_alpha3 3 223 0.3947 1.0000 0.8405 0.6080 0.5414 0 '2212221112' 1.0000
topTuneBoost_Hard2003_alpha3 3 226 0.0818 0.2000 0.2489 0.4755 0.0479 2 '12000-00-0' 1.0000
topTuneBoost_Hard2003_alpha3 3 228 0.0000 0.0000 0.0000 0.0000 0.0000 5 '0-0000----' 0.0000
topTuneBoost_Hard2003_alpha3 3 229 0.1267 1.0000 1.0000 0.2500 0.1272 0 '2222222222' 1.0000
topTuneBoost_Hard2003_alpha3 3 231 0.0982 0.3000 0.4035 0.4363 0.1154 0 '1010001000' 1.0000
topTuneBoost_Hard2003_alpha3 3 233 0.1809 0.8000 0.7952 0.5751 0.2666 0 '2200222222' 1.0000
topTuneBoost_Hard2003_alpha3 3 234 0.2839 0.9000 0.9364 0.6641 0.3069 0 '2222222220' 1.0000
topTuneBoost_Hard2003_alpha3 3 235 0.0357 0.1000 0.2201 0.2356 0.0395 0 '2000000000' 1.0000
topTuneBoost_Hard2003_alpha3 3 237 0.7485 1.0000 0.6990 0.8362 0.8133 0 '1112222121' 1.0000
topTuneBoost_Hard2003_alpha3 3 33 0.3367 0.9000 0.9306 0.6179 0.5523 0 '2222222022' 1.0000
topTuneBoost_Hard2003_alpha3 3 36 0.5498 0.8000 0.8701 0.8093 0.5394 0 '2222222200' 1.0000
topTuneBoost_Hard2003_alpha3 3 44 0.6931 0.8000 0.8580 0.9205 0.5977 0 '2222202220' 1.0000
topTuneBoost_Hard2003_alpha3 3 48 0.4958 1.0000 0.9608 0.7356 0.7189 0 '2222212222' 1.0000
topTuneBoost_Hard2003_alpha3 3 51 0.4114 1.0000 1.0000 0.6340 0.5482 0 '2222222222' 1.0000
topTuneBoost_Hard2003_alpha3 3 53 0.4801 1.0000 1.0000 0.8094 0.4905 0 '2222222222' 1.0000
topTuneBoost_Hard2003_alpha3 3 59 0.1733 0.1000 0.3026 0.4735 0.1667 0 '2000000000' 1.0000
topTuneBoost_Hard2003_alpha3 3 65 0.6963 1.0000 1.0000 0.8766 0.7594 0 '2222222222' 1.0000
topTuneBoost_Hard2003_alpha3 3 69 0.0741 0.6000 0.4009 0.2184 0.2018 0 '1100112020' 1.0000
topTuneBoost_Hard2003_alpha3 3 70 0.3344 0.6000 0.5222 0.6460 0.3909 0 '2102001201' 1.0000
topTuneBoost_Hard2003_alpha3 3 77 0.0377 0.2000 0.1799 0.2340 0.1119 0 '0002200000' 0.2500
topTuneBoost_Hard2003_alpha3 3 84 0.0339 0.0000 0.0000 0.3229 0.0246 0 '0000000000' 0.0370
topTuneBoost_Hard2003_alpha3 3 87 0.5171 0.7000 0.7968 0.8227 0.4567 0 '2222220200' 1.0000
topTuneBoost_Hard2003_alpha3 3 99 0.1925 0.8000 0.6259 0.5077 0.4141 0 '2011222101' 1.0000
topTuneBoost_Hard2003_alpha4 4 102 0.7027 1.0000 0.9682 0.8943 0.8692 0 '2222222221' 1.0000
topTuneBoost_Hard2003_alpha4 4 105 0.1116 0.2000 0.1795 0.4967 0.0652 0 '0120000000' 0.5000
topTuneBoost_Hard2003_alpha4 4 115 0.0011 0.0000 0.0000 0.0690 0.0000 2 '000000-0-0' 0.0027
topTuneBoost_Hard2003_alpha4 4 116 0.4613 1.0000 0.7883 0.7587 0.6769 0 '1222221211' 1.0000
topTuneBoost_Hard2003_alpha4 4 117 0.0003 0.0000 0.0000 0.0307 0.0000 0 '0000000000' 0.0033
topTuneBoost_Hard2003_alpha4 4 124 0.2599 0.4000 0.4351 0.6356 0.2500 0 '2000200022' 1.0000
topTuneBoost_Hard2003_alpha4 4 146 0.1635 0.5000 0.5271 0.4846 0.3289 0 '2102002200' 1.0000
topTuneBoost_Hard2003_alpha4 4 147 0.3311 0.9000 0.9149 0.6104 0.5384 0 '2222022222' 1.0000
topTuneBoost_Hard2003_alpha4 4 154 0.0342 0.0000 0.0000 0.2447 0.0000 0 '0000000000' 0.0667
topTuneBoost_Hard2003_alpha4 4 155 0.0242 0.0000 0.0000 0.2702 0.0606 6 '000----0--' 0.0244
topTuneBoost_Hard2003_alpha4 4 157 0.0465 0.6000 0.3278 0.1003 0.1281 2 '110011-1-1' 1.0000
topTuneBoost_Hard2003_alpha4 4 171 0.2983 0.7000 0.6466 0.6663 0.5208 0 '2202211001' 1.0000
topTuneBoost_Hard2003_alpha4 4 176 0.0016 0.0000 0.0000 0.0577 0.0000 0 '0000000000' 0.0049
topTuneBoost_Hard2003_alpha4 4 177 0.0034 0.0000 0.0000 0.0779 0.0092 0 '0000000000' 0.0345
topTuneBoost_Hard2003_alpha4 4 180 0.4092 0.5000 0.5262 0.7474 0.5420 0 '2022000201' 1.0000
topTuneBoost_Hard2003_alpha4 4 182 0.0320 0.2000 0.1478 0.2251 0.0743 0 '0000020200' 0.1667
topTuneBoost_Hard2003_alpha4 4 186 0.0071 0.0000 0.0000 0.1628 0.0000 0 '0000000000' 0.0233
topTuneBoost_Hard2003_alpha4 4 187 0.0310 0.1000 0.1389 0.2462 0.1541 1 '020000000-' 0.5000
topTuneBoost_Hard2003_alpha4 4 190 0.1336 0.5000 0.3047 0.4155 0.1632 0 '0201111000' 0.5000
topTuneBoost_Hard2003_alpha4 4 194 0.2746 0.6000 0.6514 0.6031 0.3741 0 '2202212000' 1.0000
topTuneBoost_Hard2003_alpha4 4 196 0.5693 1.0000 1.0000 0.8246 0.7097 0 '2222222222' 1.0000
topTuneBoost_Hard2003_alpha4 4 198 0.1471 0.3000 0.2270 0.5019 0.2540 0 '1000200001' 1.0000
topTuneBoost_Hard2003_alpha4 4 203 0.2989 0.6000 0.4096 0.6063 0.2696 0 '1110020012' 1.0000
topTuneBoost_Hard2003_alpha4 4 215 0.7480 0.7000 0.4969 0.8745 0.8472 0 '2100011112' 1.0000
topTuneBoost_Hard2003_alpha4 4 217 0.0723 0.0000 0.0000 0.3893 0.0000 0 '0000000000' 0.0625
topTuneBoost_Hard2003_alpha4 4 220 0.0079 0.0000 0.0000 0.1491 0.0199 0 '0000000000' 0.0556
topTuneBoost_Hard2003_alpha4 4 222 0.2474 0.8000 0.7157 0.5151 0.4973 0 '2220101221' 1.0000
topTuneBoost_Hard2003_alpha4 4 223 0.3069 1.0000 0.8104 0.5483 0.4857 0 '2221122111' 1.0000
topTuneBoost_Hard2003_alpha4 4 226 0.0608 0.2000 0.2489 0.4139 0.0536 2 '1200000-0-' 1.0000
topTuneBoost_Hard2003_alpha4 4 228 0.0000 0.0000 0.0000 0.0000 0.0000 4 '-00000---0' 0.0000
topTuneBoost_Hard2003_alpha4 4 229 0.1042 1.0000 1.0000 0.2359 0.1206 0 '2222222222' 1.0000
topTuneBoost_Hard2003_alpha4 4 231 0.0843 0.3000 0.3500 0.3959 0.1132 0 '1000000011' 1.0000
topTuneBoost_Hard2003_alpha4 4 233 0.1606 0.7000 0.7386 0.5551 0.2534 1 '22020222-2' 1.0000
topTuneBoost_Hard2003_alpha4 4 234 0.1825 0.8000 0.8669 0.6022 0.2328 0 '2222222020' 1.0000
topTuneBoost_Hard2003_alpha4 4 235 0.0336 0.1000 0.2201 0.2258 0.0436 0 '2000000000' 1.0000
topTuneBoost_Hard2003_alpha4 4 237 0.7112 1.0000 0.6658 0.8352 0.8163 0 '1112222111' 1.0000
topTuneBoost_Hard2003_alpha4 4 33 0.2575 0.9000 0.9337 0.5392 0.4827 0 '2222222202' 1.0000
topTuneBoost_Hard2003_alpha4 4 36 0.4683 0.8000 0.8630 0.7728 0.4781 0 '2222220220' 1.0000
topTuneBoost_Hard2003_alpha4 4 44 0.6617 0.8000 0.8580 0.9124 0.5430 0 '2222202220' 1.0000
topTuneBoost_Hard2003_alpha4 4 48 0.4306 1.0000 0.9608 0.6571 0.6236 0 '2222212222' 1.0000
topTuneBoost_Hard2003_alpha4 4 51 0.3772 1.0000 1.0000 0.6195 0.5412 0 '2222222222' 1.0000
topTuneBoost_Hard2003_alpha4 4 53 0.4660 1.0000 1.0000 0.8175 0.4841 0 '2222222222' 1.0000
topTuneBoost_Hard2003_alpha4 4 59 0.1743 0.1000 0.3026 0.4778 0.1667 0 '2000000000' 1.0000
topTuneBoost_Hard2003_alpha4 4 65 0.6590 1.0000 1.0000 0.8667 0.7486 0 '2222222222' 1.0000
topTuneBoost_Hard2003_alpha4 4 69 0.0703 0.6000 0.4089 0.2164 0.2019 0 '1101012200' 1.0000
topTuneBoost_Hard2003_alpha4 4 70 0.2876 0.7000 0.5891 0.5744 0.3629 0 '2102002112' 1.0000
topTuneBoost_Hard2003_alpha4 4 77 0.0335 0.2000 0.2489 0.2367 0.1072 0 '0220000000' 0.5000
topTuneBoost_Hard2003_alpha4 4 84 0.0338 0.0000 0.0000 0.3229 0.0284 0 '0000000000' 0.0400
topTuneBoost_Hard2003_alpha4 4 87 0.4642 0.8000 0.8416 0.7867 0.4533 0 '2220222220' 1.0000
topTuneBoost_Hard2003_alpha4 4 99 0.1637 0.9000 0.6775 0.4838 0.4063 0 '0211222222' 0.5000
topTuneBoost_Hard2003_alpha5 5 102 0.6575 1.0000 0.9682 0.8833 0.8623 0 '2222222221' 1.0000
topTuneBoost_Hard2003_alpha5 5 105 0.0993 0.2000 0.1795 0.4830 0.0622 0 '0120000000' 0.5000
topTuneBoost_Hard2003_alpha5 5 115 0.0002 0.0000 0.0000 0.0305 0.0000 3 '0000-00--0' 0.0010
topTuneBoost_Hard2003_alpha5 5 116 0.3647 0.9000 0.7507 0.6954 0.6337 0 '1222221012' 1.0000
topTuneBoost_Hard2003_alpha5 5 117 0.0003 0.0000 0.0000 0.0299 0.0000 0 '0000000000' 0.0025
topTuneBoost_Hard2003_alpha5 5 124 0.1715 0.2000 0.2837 0.5531 0.1200 0 '2000000002' 1.0000
topTuneBoost_Hard2003_alpha5 5 146 0.1389 0.6000 0.4666 0.4498 0.3316 0 '0210002222' 0.5000
topTuneBoost_Hard2003_alpha5 5 147 0.2586 0.9000 0.9216 0.5541 0.5014 0 '2222202222' 1.0000
topTuneBoost_Hard2003_alpha5 5 154 0.0287 0.0000 0.0000 0.2354 0.0000 0 '0000000000' 0.0769
topTuneBoost_Hard2003_alpha5 5 155 0.0119 0.0000 0.0000 0.2287 0.0352 5 '0000---0--' 0.0083
topTuneBoost_Hard2003_alpha5 5 157 0.0327 0.4000 0.2509 0.0861 0.1133 4 '11-00-11--' 1.0000
topTuneBoost_Hard2003_alpha5 5 171 0.2849 0.8000 0.7218 0.6559 0.5280 0 '2202221110' 1.0000
topTuneBoost_Hard2003_alpha5 5 176 0.0015 0.0000 0.0000 0.0578 0.0000 3 '000-00-00-' 0.0051
topTuneBoost_Hard2003_alpha5 5 177 0.0026 0.0000 0.0000 0.0670 0.0083 0 '0000000000' 0.0323
topTuneBoost_Hard2003_alpha5 5 180 0.3933 0.5000 0.5548 0.7406 0.5430 0 '2022000022' 1.0000
topTuneBoost_Hard2003_alpha5 5 182 0.0252 0.1000 0.0851 0.2048 0.0657 1 '000020-000' 0.2000
topTuneBoost_Hard2003_alpha5 5 186 0.0066 0.0000 0.0000 0.1585 0.0000 2 '000000--00' 0.0135
topTuneBoost_Hard2003_alpha5 5 187 0.0201 0.2000 0.1737 0.1805 0.1390 1 '0020000-02' 0.3333
topTuneBoost_Hard2003_alpha5 5 190 0.1231 0.5000 0.3047 0.3817 0.1644 0 '0201111000' 0.5000
topTuneBoost_Hard2003_alpha5 5 194 0.2591 0.6000 0.6520 0.5974 0.3811 0 '2202220100' 1.0000
topTuneBoost_Hard2003_alpha5 5 196 0.4521 1.0000 1.0000 0.7863 0.7141 0 '2222222222' 1.0000
topTuneBoost_Hard2003_alpha5 5 198 0.1477 0.2000 0.1952 0.5072 0.2523 0 '1000200000' 1.0000
topTuneBoost_Hard2003_alpha5 5 203 0.2915 0.5000 0.3410 0.6001 0.2656 0 '1110002010' 1.0000
topTuneBoost_Hard2003_alpha5 5 215 0.7299 0.9000 0.6215 0.8691 0.8420 0 '2101111212' 1.0000
topTuneBoost_Hard2003_alpha5 5 217 0.0732 0.1000 0.0663 0.3967 0.0311 0 '0000000020' 0.1111
topTuneBoost_Hard2003_alpha5 5 220 0.0067 0.0000 0.0000 0.1208 0.0240 0 '0000000000' 0.0714
topTuneBoost_Hard2003_alpha5 5 222 0.2146 0.8000 0.7157 0.4968 0.4864 0 '2220101221' 1.0000
topTuneBoost_Hard2003_alpha5 5 223 0.2089 1.0000 0.8656 0.4485 0.3892 0 '2122222211' 1.0000
topTuneBoost_Hard2003_alpha5 5 226 0.0417 0.2000 0.2489 0.3142 0.0558 2 '1200-0000-' 1.0000
topTuneBoost_Hard2003_alpha5 5 228 0.0000 0.0000 0.0000 0.0000 0.0000 5 '-00--000--' 0.0000
topTuneBoost_Hard2003_alpha5 5 229 0.0847 0.9000 0.9364 0.2183 0.1102 0 '2222222220' 1.0000
topTuneBoost_Hard2003_alpha5 5 231 0.0736 0.1000 0.2201 0.3727 0.1030 0 '1000000000' 1.0000
topTuneBoost_Hard2003_alpha5 5 233 0.1418 0.7000 0.7264 0.5341 0.2434 1 '2202-02222' 1.0000
topTuneBoost_Hard2003_alpha5 5 234 0.1099 0.5000 0.6489 0.5306 0.1848 1 '2222200-00' 1.0000
topTuneBoost_Hard2003_alpha5 5 235 0.0325 0.2000 0.2863 0.1531 0.0478 1 '200000002-' 1.0000
topTuneBoost_Hard2003_alpha5 5 237 0.6495 1.0000 0.6218 0.8218 0.8209 0 '1112211112' 1.0000
topTuneBoost_Hard2003_alpha5 5 33 0.1908 0.9000 0.9337 0.4584 0.4083 0 '2222222202' 1.0000
topTuneBoost_Hard2003_alpha5 5 36 0.3671 0.8000 0.8580 0.7155 0.4175 0 '2222202220' 1.0000
topTuneBoost_Hard2003_alpha5 5 44 0.5973 0.6000 0.7223 0.8857 0.4844 0 '2222202000' 1.0000
topTuneBoost_Hard2003_alpha5 5 48 0.3907 1.0000 0.9653 0.6094 0.5633 0 '2222222122' 1.0000
topTuneBoost_Hard2003_alpha5 5 51 0.3325 1.0000 1.0000 0.5928 0.5240 0 '2222222222' 1.0000
topTuneBoost_Hard2003_alpha5 5 53 0.4609 1.0000 1.0000 0.8168 0.4915 0 '2222222222' 1.0000
topTuneBoost_Hard2003_alpha5 5 59 0.0931 0.1000 0.1909 0.3732 0.1389 1 '0200-00000' 0.5000
topTuneBoost_Hard2003_alpha5 5 65 0.5758 1.0000 1.0000 0.8437 0.7331 0 '2222222222' 1.0000
topTuneBoost_Hard2003_alpha5 5 69 0.0644 0.6000 0.4150 0.2052 0.1917 0 '1101201020' 1.0000
topTuneBoost_Hard2003_alpha5 5 70 0.2241 0.6000 0.5586 0.4734 0.3231 0 '2102002120' 1.0000
topTuneBoost_Hard2003_alpha5 5 77 0.0256 0.3000 0.3437 0.2179 0.1037 0 '0222000000' 0.5000
topTuneBoost_Hard2003_alpha5 5 84 0.0241 0.0000 0.0000 0.2484 0.0311 0 '0000000000' 0.0455
topTuneBoost_Hard2003_alpha5 5 87 0.2956 0.4000 0.5638 0.6864 0.2353 0 '2222000000' 1.0000
topTuneBoost_Hard2003_alpha5 5 99 0.1428 0.6000 0.4561 0.4646 0.4044 3 '0112222---' 0.5000
topTuneBoost_Hard2003_alpha6 6 102 0.5740 1.0000 0.9682 0.8612 0.8502 0 '2222222221' 1.0000
topTuneBoost_Hard2003_alpha6 6 105 0.0895 0.2000 0.1795 0.4706 0.0607 0 '0120000000' 0.5000
topTuneBoost_Hard2003_alpha6 6 115 0.0000 0.0000 0.0000 0.0000 0.0000 4 '00--0000--' 0.0000
topTuneBoost_Hard2003_alpha6 6 116 0.2713 0.9000 0.7819 0.6535 0.6175 0 '1222220122' 1.0000
topTuneBoost_Hard2003_alpha6 6 117 0.0003 0.0000 0.0000 0.0296 0.0000 1 '000000000-' 0.0022
topTuneBoost_Hard2003_alpha6 6 124 0.1451 0.1000 0.2201 0.5181 0.1000 0 '2000000000' 1.0000
topTuneBoost_Hard2003_alpha6 6 146 0.1064 0.3000 0.2318 0.3980 0.3274 3 '00020-2--2' 0.2500
topTuneBoost_Hard2003_alpha6 6 147 0.1790 0.9000 0.9266 0.4349 0.3874 0 '2222220222' 1.0000
topTuneBoost_Hard2003_alpha6 6 154 0.0188 0.0000 0.0000 0.2110 0.0000 0 '0000000000' 0.0769
topTuneBoost_Hard2003_alpha6 6 155 0.0075 0.0000 0.0000 0.1997 0.0276 5 '00000-----' 0.0020
topTuneBoost_Hard2003_alpha6 6 157 0.0209 0.3000 0.1906 0.0625 0.0775 5 '1--1--001-' 1.0000
topTuneBoost_Hard2003_alpha6 6 171 0.2819 0.9000 0.8464 0.6584 0.5348 0 '2222021221' 1.0000
topTuneBoost_Hard2003_alpha6 6 176 0.0011 0.0000 0.0000 0.0500 0.0122 6 '00-----00-' 0.0065
topTuneBoost_Hard2003_alpha6 6 177 0.0020 0.0000 0.0000 0.0560 0.0028 1 '00000000-0' 0.0250
topTuneBoost_Hard2003_alpha6 6 180 0.3747 0.4000 0.4722 0.7198 0.5407 0 '2020020002' 1.0000
topTuneBoost_Hard2003_alpha6 6 182 0.0214 0.1000 0.0851 0.1969 0.0513 1 '0000200-00' 0.2000
topTuneBoost_Hard2003_alpha6 6 186 0.0056 0.0000 0.0000 0.1530 0.0000 5 '00-0-0--0-' 0.0089
topTuneBoost_Hard2003_alpha6 6 187 0.0104 0.1000 0.0948 0.1056 0.1023 2 '0002-0000-' 0.2500
topTuneBoost_Hard2003_alpha6 6 190 0.1009 0.5000 0.3047 0.3056 0.1652 0 '0201111000' 0.5000
topTuneBoost_Hard2003_alpha6 6 194 0.2523 0.6000 0.6719 0.5975 0.3849 1 '22220021-0' 1.0000
topTuneBoost_Hard2003_alpha6 6 196 0.3889 1.0000 1.0000 0.7621 0.7190 0 '2222222222' 1.0000
topTuneBoost_Hard2003_alpha6 6 198 0.1436 0.3000 0.2685 0.5070 0.2520 0 '1002000002' 1.0000
topTuneBoost_Hard2003_alpha6 6 203 0.2609 0.4000 0.2739 0.5744 0.2538 0 '1010100020' 1.0000
topTuneBoost_Hard2003_alpha6 6 215 0.6469 0.9000 0.6215 0.8029 0.7961 0 '2101111212' 1.0000
topTuneBoost_Hard2003_alpha6 6 217 0.0680 0.1000 0.0734 0.3936 0.0400 0 '0000002000' 0.1429
topTuneBoost_Hard2003_alpha6 6 220 0.0065 0.0000 0.0000 0.1206 0.0287 1 '000000000-' 0.0833
topTuneBoost_Hard2003_alpha6 6 222 0.1947 0.7000 0.6888 0.4814 0.4768 0 '2221001220' 1.0000
topTuneBoost_Hard2003_alpha6 6 223 0.1472 1.0000 0.8656 0.3320 0.2660 0 '2122222211' 1.0000
topTuneBoost_Hard2003_alpha6 6 226 0.0291 0.2000 0.2489 0.1251 0.0565 2 '1200-0000-' 1.0000
topTuneBoost_Hard2003_alpha6 6 228 0.0000 0.0000 0.0000 0.0000 0.0000 5 '-0--00-0-0' 0.0000
topTuneBoost_Hard2003_alpha6 6 229 0.0140 0.1000 0.2201 0.1236 0.0888 6 '2-000-----' 1.0000
topTuneBoost_Hard2003_alpha6 6 231 0.0375 0.1000 0.1389 0.2755 0.0511 0 '0100000000' 0.5000
topTuneBoost_Hard2003_alpha6 6 233 0.1175 0.7000 0.7264 0.4611 0.2369 1 '2202-02222' 1.0000
topTuneBoost_Hard2003_alpha6 6 234 0.0917 0.5000 0.6489 0.5003 0.1607 1 '2222200-00' 1.0000
topTuneBoost_Hard2003_alpha6 6 235 0.0351 0.2000 0.2985 0.1288 0.0499 1 '200002-000' 1.0000
topTuneBoost_Hard2003_alpha6 6 237 0.5794 1.0000 0.5997 0.7998 0.8227 0 '1111111222' 1.0000
topTuneBoost_Hard2003_alpha6 6 33 0.1420 0.8000 0.8701 0.3791 0.3323 0 '2222222200' 1.0000
topTuneBoost_Hard2003_alpha6 6 36 0.2775 0.8000 0.8454 0.5859 0.3556 0 '2222022022' 1.0000
topTuneBoost_Hard2003_alpha6 6 44 0.5351 0.6000 0.7152 0.8539 0.4531 0 '2222200020' 1.0000
topTuneBoost_Hard2003_alpha6 6 48 0.3629 1.0000 0.9682 0.5811 0.5314 0 '2222222221' 1.0000
topTuneBoost_Hard2003_alpha6 6 51 0.2832 1.0000 1.0000 0.5644 0.5163 0 '2222222222' 1.0000
topTuneBoost_Hard2003_alpha6 6 53 0.4421 1.0000 1.0000 0.8103 0.4863 0 '2222222222' 1.0000
topTuneBoost_Hard2003_alpha6 6 59 0.0134 0.0000 0.0000 0.2339 0.0000 1 '00-0000000' 0.0130
topTuneBoost_Hard2003_alpha6 6 65 0.4141 1.0000 1.0000 0.7923 0.7127 0 '2222222222' 1.0000
topTuneBoost_Hard2003_alpha6 6 69 0.0517 0.7000 0.4435 0.1810 0.1722 0 '1101200112' 1.0000
topTuneBoost_Hard2003_alpha6 6 70 0.1886 0.7000 0.6044 0.3732 0.2843 0 '2120002112' 1.0000
topTuneBoost_Hard2003_alpha6 6 77 0.0286 0.3000 0.4690 0.2337 0.1028 0 '2220000000' 1.0000
topTuneBoost_Hard2003_alpha6 6 84 0.0218 0.0000 0.0000 0.2439 0.0338 0 '0000000000' 0.0556
topTuneBoost_Hard2003_alpha6 6 87 0.2342 0.4000 0.5321 0.6378 0.2249 0 '2202020000' 1.0000
topTuneBoost_Hard2003_alpha6 6 99 0.1249 0.5000 0.3054 0.4398 0.3989 4 '01----1222' 0.5000
topTuneBoost_Hard2003_alpha7 7 102 0.5283 1.0000 0.9682 0.8460 0.8442 0 '2222222221' 1.0000
topTuneBoost_Hard2003_alpha7 7 105 0.0870 0.2000 0.1795 0.4662 0.0607 0 '0120000000' 0.5000
topTuneBoost_Hard2003_alpha7 7 115 0.0000 0.0000 0.0000 0.0000 0.0000 4 '00--000-0-' 0.0000
topTuneBoost_Hard2003_alpha7 7 116 0.2208 0.9000 0.8716 0.6386 0.6119 0 '2212220222' 1.0000
topTuneBoost_Hard2003_alpha7 7 117 0.0003 0.0000 0.0000 0.0296 0.0000 1 '00000000-0' 0.0022
topTuneBoost_Hard2003_alpha7 7 124 0.1227 0.1000 0.2201 0.4153 0.1000 0 '2000000000' 1.0000
topTuneBoost_Hard2003_alpha7 7 146 0.0756 0.1000 0.0636 0.3461 0.3091 3 '00-00-00-2' 0.1000
topTuneBoost_Hard2003_alpha7 7 147 0.1381 0.9000 0.9306 0.3124 0.2378 0 '2222222022' 1.0000
topTuneBoost_Hard2003_alpha7 7 154 0.0168 0.0000 0.0000 0.2031 0.0000 0 '0000000000' 0.0769
topTuneBoost_Hard2003_alpha7 7 155 0.0072 0.0000 0.0000 0.1972 0.0276 5 '00000-----' 0.0016
topTuneBoost_Hard2003_alpha7 7 157 0.0151 0.2000 0.1448 0.0480 0.0530 7 '1------1-0' 1.0000
topTuneBoost_Hard2003_alpha7 7 171 0.2767 0.8000 0.8080 0.6548 0.5417 0 '2221202202' 1.0000
topTuneBoost_Hard2003_alpha7 7 176 0.0009 0.0000 0.0000 0.0486 0.0164 8 '00--------' 0.0068
topTuneBoost_Hard2003_alpha7 7 177 0.0013 0.0000 0.0000 0.0514 0.0000 1 '0000000-00' 0.0132
topTuneBoost_Hard2003_alpha7 7 180 0.3558 0.5000 0.5290 0.7072 0.5426 0 '2002020220' 1.0000
topTuneBoost_Hard2003_alpha7 7 182 0.0163 0.1000 0.0734 0.1822 0.0487 2 '0000-020-0' 0.1429
topTuneBoost_Hard2003_alpha7 7 186 0.0049 0.0000 0.0000 0.1489 0.0000 8 '00--------' 0.0065
topTuneBoost_Hard2003_alpha7 7 187 0.0076 0.2000 0.1199 0.0599 0.0521 3 '00-02--100' 0.2000
topTuneBoost_Hard2003_alpha7 7 190 0.0926 0.5000 0.3047 0.2170 0.1612 0 '0201111000' 0.5000
topTuneBoost_Hard2003_alpha7 7 194 0.2474 0.6000 0.6593 0.5940 0.3856 1 '22202-2001' 1.0000
topTuneBoost_Hard2003_alpha7 7 196 0.3827 1.0000 1.0000 0.7584 0.7188 0 '2222222222' 1.0000
topTuneBoost_Hard2003_alpha7 7 198 0.1405 0.2000 0.1884 0.5007 0.2519 1 '100002000-' 1.0000
topTuneBoost_Hard2003_alpha7 7 203 0.2474 0.4000 0.2691 0.5670 0.2459 0 '1000210100' 1.0000
topTuneBoost_Hard2003_alpha7 7 215 0.6142 0.9000 0.6215 0.7613 0.7555 0 '2101111212' 1.0000
topTuneBoost_Hard2003_alpha7 7 217 0.0688 0.1000 0.0948 0.4037 0.0711 0 '0002000000' 0.2500
topTuneBoost_Hard2003_alpha7 7 220 0.0064 0.1000 0.0734 0.1163 0.0335 1 '000-002000' 0.1429
topTuneBoost_Hard2003_alpha7 7 222 0.1673 0.7000 0.6830 0.4691 0.4766 0 '2221001022' 1.0000
topTuneBoost_Hard2003_alpha7 7 223 0.1198 1.0000 0.8656 0.2450 0.1724 0 '2122222211' 1.0000
topTuneBoost_Hard2003_alpha7 7 226 0.0205 0.2000 0.2627 0.1199 0.0557 2 '200-10000-' 1.0000
topTuneBoost_Hard2003_alpha7 7 228 0.0000 0.0000 0.0000 0.0000 0.0000 5 '-0--00-00-' 0.0000
topTuneBoost_Hard2003_alpha7 7 229 0.0013 0.0000 0.0000 0.0658 0.0646 9 '-0--------' 0.0020
topTuneBoost_Hard2003_alpha7 7 231 0.0205 0.1000 0.0694 0.2313 0.0321 0 '0000000100' 0.1250
topTuneBoost_Hard2003_alpha7 7 233 0.1023 0.7000 0.7264 0.4231 0.2324 1 '2202-02222' 1.0000
topTuneBoost_Hard2003_alpha7 7 234 0.0842 0.5000 0.6489 0.4815 0.1516 1 '2222200-00' 1.0000
topTuneBoost_Hard2003_alpha7 7 235 0.0439 0.2000 0.3301 0.1425 0.0519 2 '202-00000-' 1.0000
topTuneBoost_Hard2003_alpha7 7 237 0.5148 1.0000 0.5997 0.7807 0.8185 0 '1111111222' 1.0000
topTuneBoost_Hard2003_alpha7 7 33 0.1099 0.8000 0.8701 0.2894 0.2264 0 '2222222200' 1.0000
topTuneBoost_Hard2003_alpha7 7 36 0.2376 0.7000 0.7818 0.4709 0.2937 1 '222202202-' 1.0000
topTuneBoost_Hard2003_alpha7 7 44 0.4969 0.5000 0.6489 0.8282 0.4297 0 '2222200000' 1.0000
topTuneBoost_Hard2003_alpha7 7 48 0.3309 1.0000 1.0000 0.5653 0.5221 0 '2222222222' 1.0000
topTuneBoost_Hard2003_alpha7 7 51 0.2483 0.9000 0.9149 0.5097 0.4616 0 '2222022222' 1.0000
topTuneBoost_Hard2003_alpha7 7 53 0.4221 0.9000 0.9149 0.7997 0.4815 1 '2222-22222' 1.0000
topTuneBoost_Hard2003_alpha7 7 59 0.0099 0.0000 0.0000 0.1664 0.0000 1 '00-0000000' 0.0095
topTuneBoost_Hard2003_alpha7 7 65 0.2642 1.0000 1.0000 0.7182 0.6969 0 '2222222222' 1.0000
topTuneBoost_Hard2003_alpha7 7 69 0.0463 0.7000 0.4454 0.1617 0.1497 0 '1101201012' 1.0000
topTuneBoost_Hard2003_alpha7 7 70 0.1746 0.7000 0.6233 0.3582 0.2712 0 '2210012012' 1.0000
topTuneBoost_Hard2003_alpha7 7 77 0.0331 0.5000 0.6325 0.2392 0.1059 0 '2220220000' 1.0000
topTuneBoost_Hard2003_alpha7 7 84 0.0217 0.0000 0.0000 0.2434 0.0366 1 '0000000-00' 0.0526
topTuneBoost_Hard2003_alpha7 7 87 0.0979 0.1000 0.2201 0.4903 0.0588 1 '2000000-00' 1.0000
topTuneBoost_Hard2003_alpha7 7 99 0.1136 0.5000 0.3119 0.4298 0.3990 4 '----012222' 0.1667
topTuneBoost_Hard2003_alpha8 8 102 0.4642 1.0000 0.9682 0.8224 0.8409 0 '2222222221' 1.0000
topTuneBoost_Hard2003_alpha8 8 105 0.0851 0.1000 0.1100 0.4583 0.0538 0 '1000000000' 1.0000
topTuneBoost_Hard2003_alpha8 8 115 0.0000 0.0000 0.0000 0.0000 0.0000 4 '-00-00-00-' 0.0000
topTuneBoost_Hard2003_alpha8 8 116 0.1998 0.8000 0.8156 0.6269 0.6103 1 '222122-220' 1.0000
topTuneBoost_Hard2003_alpha8 8 117 0.0003 0.0000 0.0000 0.0296 0.0000 2 '0000-000-0' 0.0022
topTuneBoost_Hard2003_alpha8 8 124 0.1140 0.1000 0.2201 0.3301 0.1000 0 '2000000000' 1.0000
topTuneBoost_Hard2003_alpha8 8 146 0.0490 0.0000 0.0000 0.2886 0.2747 4 '0-0000---0' 0.0714
topTuneBoost_Hard2003_alpha8 8 147 0.1201 0.8000 0.8630 0.2948 0.2263 2 '222222-22-' 1.0000
topTuneBoost_Hard2003_alpha8 8 154 0.0177 0.0000 0.0000 0.2049 0.0000 0 '0000000000' 0.0833
topTuneBoost_Hard2003_alpha8 8 155 0.0072 0.0000 0.0000 0.1972 0.0276 5 '00000-----' 0.0016
topTuneBoost_Hard2003_alpha8 8 157 0.0120 0.1000 0.1100 0.0445 0.0530 9 '1---------' 1.0000
topTuneBoost_Hard2003_alpha8 8 171 0.2573 0.7000 0.7117 0.6401 0.5522 1 '22021220-2' 1.0000
topTuneBoost_Hard2003_alpha8 8 176 0.0003 0.0000 0.0000 0.0319 0.0160 8 '00--------' 0.0044
topTuneBoost_Hard2003_alpha8 8 177 0.0003 0.0000 0.0000 0.0280 0.0000 1 '000000000-' 0.0027
topTuneBoost_Hard2003_alpha8 8 180 0.2900 0.4000 0.4695 0.6777 0.5359 2 '20022-020-' 1.0000
topTuneBoost_Hard2003_alpha8 8 182 0.0121 0.0000 0.0000 0.1594 0.0625 4 '000-000---' 0.0909
topTuneBoost_Hard2003_alpha8 8 186 0.0043 0.0000 0.0000 0.1423 0.0000 8 '00--------' 0.0021
topTuneBoost_Hard2003_alpha8 8 187 0.0057 0.1000 0.0474 0.0535 0.0520 5 '0--10-0--0' 0.2500
topTuneBoost_Hard2003_alpha8 8 190 0.0914 0.5000 0.3047 0.2161 0.1596 0 '0201111000' 0.5000
topTuneBoost_Hard2003_alpha8 8 194 0.2430 0.5000 0.6168 0.5901 0.3857 1 '2220-20200' 1.0000
topTuneBoost_Hard2003_alpha8 8 196 0.3737 1.0000 1.0000 0.7555 0.7188 0 '2222222222' 1.0000
topTuneBoost_Hard2003_alpha8 8 198 0.1426 0.3000 0.2431 0.5030 0.2527 1 '10000-0202' 1.0000
topTuneBoost_Hard2003_alpha8 8 203 0.2377 0.4000 0.2601 0.5581 0.2380 0 '1000200011' 1.0000
topTuneBoost_Hard2003_alpha8 8 215 0.5934 0.9000 0.6215 0.7548 0.7545 0 '2101111212' 1.0000
topTuneBoost_Hard2003_alpha8 8 217 0.0518 0.1000 0.0851 0.3752 0.0756 4 '00--20--00' 0.2000
topTuneBoost_Hard2003_alpha8 8 220 0.0045 0.1000 0.0663 0.0881 0.0418 4 '000-00--2-' 0.1111
topTuneBoost_Hard2003_alpha8 8 222 0.1372 0.6000 0.5878 0.4516 0.4765 1 '22210011-0' 1.0000
topTuneBoost_Hard2003_alpha8 8 223 0.1052 1.0000 0.8988 0.2389 0.1711 0 '2122222221' 1.0000
topTuneBoost_Hard2003_alpha8 8 226 0.0077 0.2000 0.1279 0.0762 0.0540 2 '00-200-010' 0.2500
topTuneBoost_Hard2003_alpha8 8 228 0.0000 0.0000 0.0000 0.0000 0.0000 5 '-0--0-000-' 0.0000
topTuneBoost_Hard2003_alpha8 8 229 0.0012 0.0000 0.0000 0.0647 0.0612 9 '-0--------' 0.0013
topTuneBoost_Hard2003_alpha8 8 231 0.0132 0.0000 0.0000 0.1906 0.0131 0 '0000000000' 0.0476
topTuneBoost_Hard2003_alpha8 8 233 0.0868 0.7000 0.7264 0.3828 0.2205 1 '2202-02222' 1.0000
topTuneBoost_Hard2003_alpha8 8 234 0.0839 0.5000 0.6489 0.4801 0.1510 1 '2222200-00' 1.0000
topTuneBoost_Hard2003_alpha8 8 235 0.0439 0.2000 0.3301 0.1425 0.0519 4 '202-00---0' 1.0000
topTuneBoost_Hard2003_alpha8 8 237 0.4960 1.0000 0.5997 0.7744 0.8138 0 '1111111222' 1.0000
topTuneBoost_Hard2003_alpha8 8 33 0.0880 0.8000 0.8701 0.2675 0.2116 0 '2222222200' 1.0000
topTuneBoost_Hard2003_alpha8 8 36 0.1927 0.7000 0.7722 0.4400 0.2638 1 '222022202-' 1.0000
topTuneBoost_Hard2003_alpha8 8 44 0.4474 0.5000 0.6332 0.8035 0.3984 0 '2222000200' 1.0000
topTuneBoost_Hard2003_alpha8 8 48 0.2739 0.9000 0.9306 0.5377 0.5110 1 '2222222-22' 1.0000
topTuneBoost_Hard2003_alpha8 8 51 0.2311 0.9000 0.9052 0.4954 0.4513 0 '2220222222' 1.0000
topTuneBoost_Hard2003_alpha8 8 53 0.4026 0.9000 0.9052 0.7918 0.4750 1 '222-222222' 1.0000
topTuneBoost_Hard2003_alpha8 8 59 0.0075 0.0000 0.0000 0.1588 0.0000 1 '00-0000000' 0.0091
topTuneBoost_Hard2003_alpha8 8 65 0.2474 1.0000 1.0000 0.7021 0.6952 0 '2222222222' 1.0000
topTuneBoost_Hard2003_alpha8 8 69 0.0446 0.7000 0.4499 0.1585 0.1466 0 '1101201201' 1.0000
topTuneBoost_Hard2003_alpha8 8 70 0.1712 0.6000 0.5883 0.3565 0.2717 1 '221-002120' 1.0000
topTuneBoost_Hard2003_alpha8 8 77 0.0351 0.5000 0.6489 0.2417 0.1070 0 '2222200000' 1.0000
topTuneBoost_Hard2003_alpha8 8 84 0.0219 0.0000 0.0000 0.2431 0.0395 1 '0-00000000' 0.0588
topTuneBoost_Hard2003_alpha8 8 87 0.0356 0.1000 0.0694 0.3647 0.0381 1 '000000-200' 0.1250
topTuneBoost_Hard2003_alpha8 8 99 0.1044 0.5000 0.3281 0.4244 0.3991 4 '----220122' 0.2000
topTuneBoost_Hard2003_alpha9 9 102 0.3876 1.0000 0.9682 0.7952 0.8350 0 '2222222221' 1.0000
topTuneBoost_Hard2003_alpha9 9 105 0.0819 0.1000 0.1100 0.4502 0.0519 0 '1000000000' 1.0000
topTuneBoost_Hard2003_alpha9 9 115 0.0000 0.0000 0.0000 0.0000 0.0000 6 '-00-00----' 0.0000
topTuneBoost_Hard2003_alpha9 9 116 0.1797 0.7000 0.7753 0.6156 0.6098 2 '222-2222-0' 1.0000
topTuneBoost_Hard2003_alpha9 9 117 0.0003 0.0000 0.0000 0.0296 0.0000 3 '000--0000-' 0.0022
topTuneBoost_Hard2003_alpha9 9 124 0.1114 0.1000 0.2201 0.3243 0.1000 0 '2000000000' 1.0000
topTuneBoost_Hard2003_alpha9 9 146 0.0221 0.0000 0.0000 0.2015 0.2075 5 '0---00--00' 0.0714
topTuneBoost_Hard2003_alpha9 9 147 0.0988 0.8000 0.8482 0.2647 0.2005 2 '22222--222' 1.0000
topTuneBoost_Hard2003_alpha9 9 154 0.0120 0.0000 0.0000 0.1906 0.0000 0 '0000000000' 0.0435
topTuneBoost_Hard2003_alpha9 9 155 0.0072 0.0000 0.0000 0.1972 0.0276 5 '00000-----' 0.0016
topTuneBoost_Hard2003_alpha9 9 157 0.0098 0.1000 0.1100 0.0416 0.0529 9 '1---------' 1.0000
topTuneBoost_Hard2003_alpha9 9 171 0.2163 0.5000 0.5435 0.6108 0.5580 4 '220--212--' 1.0000
topTuneBoost_Hard2003_alpha9 9 176 0.0002 0.0000 0.0000 0.0239 0.0164 8 '0-0-------' 0.0032
topTuneBoost_Hard2003_alpha9 9 177 0.0002 0.0000 0.0000 0.0186 0.0129 2 '0000000--0' 0.0029
topTuneBoost_Hard2003_alpha9 9 180 0.1893 0.2000 0.3149 0.6121 0.5243 6 '2002------' 1.0000
topTuneBoost_Hard2003_alpha9 9 182 0.0092 0.0000 0.0000 0.1220 0.0664 5 '000-00----' 0.0625
topTuneBoost_Hard2003_alpha9 9 186 0.0028 0.0000 0.0000 0.1089 0.0000 8 '00--------' 0.0019
topTuneBoost_Hard2003_alpha9 9 187 0.0039 0.1000 0.0474 0.0471 0.0518 7 '0--1-0----' 0.2500
topTuneBoost_Hard2003_alpha9 9 190 0.0905 0.5000 0.3047 0.2153 0.1592 0 '0201111000' 0.5000
topTuneBoost_Hard2003_alpha9 9 194 0.2391 0.4000 0.5474 0.5865 0.3858 1 '2220-20000' 1.0000
topTuneBoost_Hard2003_alpha9 9 196 0.3575 1.0000 1.0000 0.7495 0.7186 0 '2222222222' 1.0000
topTuneBoost_Hard2003_alpha9 9 198 0.1420 0.3000 0.2457 0.5024 0.2529 2 '100-00022-' 1.0000
topTuneBoost_Hard2003_alpha9 9 203 0.2375 0.4000 0.2601 0.5580 0.2373 0 '1000200011' 1.0000
topTuneBoost_Hard2003_alpha9 9 215 0.5761 0.9000 0.6215 0.7504 0.7541 0 '2101111212' 1.0000
topTuneBoost_Hard2003_alpha9 9 217 0.0265 0.0000 0.0000 0.3186 0.0844 7 '00-------0' 0.0400
topTuneBoost_Hard2003_alpha9 9 220 0.0027 0.1000 0.0663 0.0638 0.0510 4 '000---002-' 0.1111
topTuneBoost_Hard2003_alpha9 9 222 0.1160 0.5000 0.5531 0.4341 0.4762 2 '2221001-0-' 1.0000
topTuneBoost_Hard2003_alpha9 9 223 0.0863 0.9000 0.8611 0.2297 0.1708 1 '2122222-22' 1.0000
topTuneBoost_Hard2003_alpha9 9 226 0.0050 0.1000 0.0851 0.0668 0.0504 3 '00--20000-' 0.2000
topTuneBoost_Hard2003_alpha9 9 228 0.0000 0.0000 0.0000 0.0000 0.0000 5 '-0--0-000-' 0.0000
topTuneBoost_Hard2003_alpha9 9 229 0.0012 0.0000 0.0000 0.0646 0.0612 9 '-0--------' 0.0012
topTuneBoost_Hard2003_alpha9 9 231 0.0107 0.0000 0.0000 0.1814 0.0073 0 '0000000000' 0.0294
topTuneBoost_Hard2003_alpha9 9 233 0.0749 0.7000 0.7264 0.2803 0.1599 1 '2202-02222' 1.0000
topTuneBoost_Hard2003_alpha9 9 234 0.0839 0.5000 0.6489 0.4801 0.1510 1 '22222000-0' 1.0000
topTuneBoost_Hard2003_alpha9 9 235 0.0439 0.2000 0.3301 0.1425 0.0519 4 '202-00---0' 1.0000
topTuneBoost_Hard2003_alpha9 9 237 0.4745 1.0000 0.5997 0.7671 0.8135 0 '1111111222' 1.0000
topTuneBoost_Hard2003_alpha9 9 33 0.0720 0.8000 0.8701 0.2566 0.2111 0 '2222222200' 1.0000
topTuneBoost_Hard2003_alpha9 9 36 0.1837 0.7000 0.7722 0.4179 0.2519 1 '222022202-' 1.0000
topTuneBoost_Hard2003_alpha9 9 44 0.3949 0.5000 0.6300 0.7813 0.3750 0 '2222000020' 1.0000
topTuneBoost_Hard2003_alpha9 9 48 0.1776 0.8000 0.8365 0.4732 0.4699 2 '2222--2222' 1.0000
topTuneBoost_Hard2003_alpha9 9 51 0.2087 0.6000 0.6962 0.4830 0.4512 3 '222022---2' 1.0000
topTuneBoost_Hard2003_alpha9 9 53 0.3890 0.8000 0.8201 0.7832 0.4743 2 '222--22222' 1.0000
topTuneBoost_Hard2003_alpha9 9 59 0.0002 0.0000 0.0000 0.0309 0.0000 1 '00-0000000' 0.0011
topTuneBoost_Hard2003_alpha9 9 65 0.2453 1.0000 1.0000 0.7010 0.6953 0 '2222222222' 1.0000
topTuneBoost_Hard2003_alpha9 9 69 0.0421 0.7000 0.4513 0.1560 0.1466 1 '110120121-' 1.0000
topTuneBoost_Hard2003_alpha9 9 70 0.1663 0.6000 0.5586 0.3471 0.2713 1 '21-2002120' 1.0000
topTuneBoost_Hard2003_alpha9 9 77 0.0356 0.5000 0.6489 0.2423 0.1071 1 '222220-000' 1.0000
topTuneBoost_Hard2003_alpha9 9 84 0.0187 0.0000 0.0000 0.2354 0.0399 5 '0-00-0--0-' 0.0172
topTuneBoost_Hard2003_alpha9 9 87 0.0231 0.0000 0.0000 0.3316 0.0000 3 '000000-0--' 0.0286
topTuneBoost_Hard2003_alpha9 9 99 0.0974 0.5000 0.3301 0.4184 0.3989 4 '----221022' 0.2000
