schema alpha  QueryNum map p10 ndcg10 ndcg1000 bpref unjudged relString rr
topTuneBoost_Web_alpha0 0 201 0.0418 0.4000 0.1791 0.1403 0.1147 3 '0-11-1-001' 0.3333
topTuneBoost_Web_alpha0 0 202 0.0000 0.0000 0.0000 0.0000 0.0000 2 '00000000--' 0.0000
topTuneBoost_Web_alpha0 0 203 0.0084 0.1000 0.0694 0.0873 0.1056 7 '0-----03--' 0.1250
topTuneBoost_Web_alpha0 0 204 0.0366 0.4000 0.2066 0.1518 0.1440 2 '000120--12' 0.2500
topTuneBoost_Web_alpha0 0 205 0.0686 0.5000 0.1968 0.1494 0.1408 3 '011-1110--' 0.5000
topTuneBoost_Web_alpha0 0 206 0.0170 0.1000 0.0402 0.1422 0.1617 8 '---0---1--' 0.1250
topTuneBoost_Web_alpha0 0 207 0.0322 0.3000 0.0835 0.1315 0.1365 2 '00000111--' 0.1667
topTuneBoost_Web_alpha0 0 208 0.0392 0.4000 0.1598 0.1287 0.1085 0 '0010001012' 0.3333
topTuneBoost_Web_alpha0 0 209 0.0154 0.1000 0.0722 0.0655 0.0651 4 '00--2-0-00' 0.2000
topTuneBoost_Web_alpha0 0 210 0.0054 0.0000 0.0000 0.0720 0.0373 5 '00---00--0' 0.0588
topTuneBoost_Web_alpha0 0 211 0.0800 0.5000 0.2633 0.2183 0.2125 3 '010121-2--' 0.5000
topTuneBoost_Web_alpha0 0 212 0.0013 0.0000 0.0000 0.0579 0.0000 3 '00000-00--' 0.0076
topTuneBoost_Web_alpha0 0 213 0.0183 0.1000 0.0694 0.1460 0.1880 4 '0--000-20-' 0.1250
topTuneBoost_Web_alpha0 0 214 0.0965 0.6000 0.3981 0.2447 0.2124 3 '11-02-1-12' 1.0000
topTuneBoost_Web_alpha0 0 215 0.0526 0.2000 0.0945 0.2119 0.2282 2 '0-0001010-' 0.1667
topTuneBoost_Web_alpha0 0 216 0.0610 0.5000 0.2425 0.1793 0.1633 5 '12--11--1-' 1.0000
topTuneBoost_Web_alpha0 0 217 0.0450 0.7000 0.2583 0.1425 0.1441 2 '0--1121111' 0.2500
topTuneBoost_Web_alpha0 0 218 0.0154 0.2000 0.1526 0.1161 0.1091 3 '1-001-000-' 1.0000
topTuneBoost_Web_alpha0 0 219 0.0011 0.0000 0.0000 0.0313 0.0306 7 '-00----0--' 0.0133
topTuneBoost_Web_alpha0 0 220 0.0004 0.0000 0.0000 0.0223 0.0187 4 '000---0-00' 0.0097
topTuneBoost_Web_alpha0 0 221 0.0736 0.3000 0.1560 0.1720 0.1868 4 '1--11-0-00' 1.0000
topTuneBoost_Web_alpha0 0 222 0.0685 0.4000 0.2135 0.1858 0.1802 4 '1102-1---0' 1.0000
topTuneBoost_Web_alpha0 0 223 0.1136 0.6000 0.3770 0.2960 0.2203 0 '2011014400' 1.0000
topTuneBoost_Web_alpha0 0 224 0.0297 0.2000 0.2173 0.1437 0.0993 2 '020002--00' 0.5000
topTuneBoost_Web_alpha0 0 225 0.0000 0.0000 0.0000 0.0000 0.0000 5 '-00-00---0' 0.0000
topTuneBoost_Web_alpha0 0 226 0.0159 0.0000 0.0000 0.1396 0.1211 4 '--00-0-000' 0.0667
topTuneBoost_Web_alpha0 0 227 0.1179 0.5000 0.5746 0.3499 0.2272 2 '44310001--' 1.0000
topTuneBoost_Web_alpha0 0 228 0.0142 0.1000 0.0804 0.0973 0.1043 5 '00-2---00-' 0.2500
topTuneBoost_Web_alpha0 0 229 0.0840 0.5000 0.5549 0.2811 0.2297 1 '2020202-20' 1.0000
topTuneBoost_Web_alpha0 0 230 0.0178 0.3000 0.2214 0.1232 0.1095 4 '00-2-0-11-' 0.2500
topTuneBoost_Web_alpha0 0 231 0.0329 0.1000 0.0354 0.1652 0.2372 6 '000-1-----' 0.2000
topTuneBoost_Web_alpha0 0 232 0.1260 0.6000 0.7059 0.2811 0.1474 1 '111011100-' 1.0000
topTuneBoost_Web_alpha0 0 233 0.0055 0.0000 0.0000 0.0807 0.0613 0 '0000000000' 0.0455
topTuneBoost_Web_alpha0 0 234 0.0555 0.3000 0.2738 0.2008 0.1618 0 '0110100000' 0.5000
topTuneBoost_Web_alpha0 0 235 0.0119 0.1000 0.1067 0.0920 0.0663 6 '0.---2--0-' 0.1667
topTuneBoost_Web_alpha0 0 236 0.0753 0.5000 0.4450 0.2330 0.1823 3 '1110-0-11-' 1.0000
topTuneBoost_Web_alpha0 0 237 0.0000 0.0000 0.0000 0.0000 0.0000 2 '0-00000-00' 0.0000
topTuneBoost_Web_alpha0 0 238 0.0333 0.2000 0.1521 0.1269 0.0944 4 '010-0-0-2-' 0.5000
topTuneBoost_Web_alpha0 0 239 0.0435 0.4000 0.2244 0.1604 0.1319 1 '1000-10101' 1.0000
topTuneBoost_Web_alpha0 0 240 0.0005 0.0000 0.0000 0.0210 0.0246 7 '0-0-----0-' 0.0400
topTuneBoost_Web_alpha0 0 241 0.0013 0.0000 0.0000 0.0476 0.0947 8 '0-------0-' 0.0161
topTuneBoost_Web_alpha0 0 242 0.0019 0.0000 0.0000 0.0334 0.0240 3 '00000--0-0' 0.0435
topTuneBoost_Web_alpha0 0 243 0.0089 0.1000 0.0713 0.0680 0.0772 6 '010----0--' 0.5000
topTuneBoost_Web_alpha0 0 244 0.0530 0.2000 0.0884 0.1661 0.1384 4 '00-00---11' 0.1111
topTuneBoost_Web_alpha0 0 245 0.0023 0.0000 0.0000 0.0240 0.0000 5 '000-----00' 0.0204
topTuneBoost_Web_alpha0 0 246 0.0022 0.0000 0.0000 0.0387 0.0506 3 '00000-0-0-' 0.0714
topTuneBoost_Web_alpha0 0 247 0.0008 0.0000 0.0000 0.0195 0.0226 7 '0---0--0--' 0.0189
topTuneBoost_Web_alpha0 0 248 0.0014 0.0000 0.0000 0.0320 0.0250 3 '000-0-000-' 0.0263
topTuneBoost_Web_alpha0 0 249 0.0073 0.0000 0.0000 0.1012 0.1085 6 '0---00--0-' 0.0303
topTuneBoost_Web_alpha0 0 250 0.0050 0.1000 0.0353 0.0271 0.0375 4 '--0--00001' 0.1000
topTuneBoost_Web_alpha0 0 251 0.0023 0.0000 0.0000 0.0329 0.0327 9 '----0-----' 0.0588
topTuneBoost_Web_alpha0 0 252 0.0437 0.6000 0.2937 0.1169 0.0714 2 '1-111100-1' 1.0000
topTuneBoost_Web_alpha0 0 253 0.0261 0.4000 0.1766 0.0889 0.0640 3 '0210-1--01' 0.5000
topTuneBoost_Web_alpha0 0 254 0.0002 0.0000 0.0000 0.0103 0.0211 6 '00-00-----' 0.0042
topTuneBoost_Web_alpha0 0 255 0.0006 0.0000 0.0000 0.0237 0.0000 7 '.-----0--0' 0.0032
topTuneBoost_Web_alpha0 0 256 0.0354 0.3000 0.1925 0.1264 0.0990 7 '1-1--3----' 1.0000
topTuneBoost_Web_alpha0 0 257 0.0326 0.3000 0.1176 0.1276 0.1014 4 '0011----20' 0.3333
topTuneBoost_Web_alpha0 0 258 0.0113 0.2000 0.1026 0.0478 0.0420 7 '01------1-' 0.5000
topTuneBoost_Web_alpha0 0 259 0.0551 0.7000 0.4731 0.1463 0.0883 3 '-11111-11-' 0.5000
topTuneBoost_Web_alpha0 0 260 0.0235 0.1000 0.1083 0.0908 0.0799 8 '02--------' 0.5000
topTuneBoost_Web_alpha0 0 261 0.0479 0.1000 0.1498 0.1194 0.0794 8 '1-----0---' 1.0000
topTuneBoost_Web_alpha0 0 262 0.0029 0.1000 0.0402 0.0357 0.0282 9 '--------1-' 0.1111
topTuneBoost_Web_alpha0 0 263 0.0085 0.1000 0.0743 0.0685 0.0574 7 '01----0---' 0.5000
topTuneBoost_Web_alpha0 0 264 0.0128 0.1000 0.0550 0.0909 0.0982 8 '-01-------' 0.3333
topTuneBoost_Web_alpha0 0 265 0.0663 0.2000 0.2357 0.2887 0.1723 5 '03---20--0' 0.5000
topTuneBoost_Web_alpha0 0 266 0.0250 0.5000 0.6880 0.1716 0.0614 5 '444-43----' 1.0000
topTuneBoost_Web_alpha0 0 267 0.0013 0.1000 0.0221 0.0071 0.0118 8 '--.-----1-' 0.1111
topTuneBoost_Web_alpha0 0 268 0.0038 0.2000 0.0935 0.0296 0.0222 5 '-00-20-1--' 0.2000
topTuneBoost_Web_alpha0 0 269 0.0008 0.0000 0.0000 0.0388 0.0302 8 '0------0--' 0.0204
topTuneBoost_Web_alpha0 0 270 0.0155 0.1000 0.1177 0.1191 0.1072 5 '020-00----' 0.5000
topTuneBoost_Web_alpha0 0 271 0.0111 0.1000 0.0534 0.0446 0.0578 6 '0-0--1---0' 0.1667
topTuneBoost_Web_alpha0 0 272 0.0126 0.3000 0.1706 0.0821 0.0728 7 '11---1----' 1.0000
topTuneBoost_Web_alpha0 0 273 0.0710 0.4000 0.3645 0.2766 0.1637 3 '-04340-04-' 0.3333
topTuneBoost_Web_alpha0 0 274 0.0055 0.2000 0.0524 0.0488 0.0756 6 '---0-011--' 0.1429
topTuneBoost_Web_alpha0 0 275 0.0000 0.0000 0.0000 0.0000 0.0000 6 '0--0-0---0' 0.0000
topTuneBoost_Web_alpha0 0 276 0.0090 0.2000 0.0707 0.0518 0.0495 8 '-1----1---' 0.5000
topTuneBoost_Web_alpha0 0 277 0.0000 0.0000 0.0000 0.0047 0.0135 8 '0-0-------' 0.0028
topTuneBoost_Web_alpha0 0 278 0.0000 0.0000 0.0000 0.0000 0.0000 8 '--0--0----' 0.0000
topTuneBoost_Web_alpha0 0 279 0.0112 0.2000 0.1076 0.0687 0.0585 4 '0020--1--0' 0.3333
topTuneBoost_Web_alpha0 0 280 0.0053 0.2000 0.1290 0.0698 0.0683 5 '000---3-1-' 0.1429
topTuneBoost_Web_alpha0 0 281 0.0119 0.2000 0.0841 0.0698 0.0649 6 '---1-01-0-' 0.2500
topTuneBoost_Web_alpha0 0 282 0.0197 0.4000 0.3156 0.1164 0.0958 5 '01-11---1-' 0.5000
topTuneBoost_Web_alpha0 0 283 0.0505 0.4000 0.2613 0.1432 0.0724 5 '2111----0-' 1.0000
topTuneBoost_Web_alpha0 0 284 0.0420 0.6000 0.4435 0.1627 0.0863 4 '21-3132---' 1.0000
topTuneBoost_Web_alpha0 0 285 0.0338 0.7000 0.4463 0.1100 0.0465 3 '22112--41-' 1.0000
topTuneBoost_Web_alpha0 0 286 0.0113 0.2000 0.1311 0.0590 0.0481 7 '1-----0--2' 1.0000
topTuneBoost_Web_alpha0 0 287 0.0035 0.1000 0.0560 0.0277 0.0208 8 '--0--2----' 0.1667
topTuneBoost_Web_alpha0 0 288 0.0206 0.3000 0.2341 0.0963 0.0621 6 '1012------' 1.0000
topTuneBoost_Web_alpha0 0 289 0.0003 0.0000 0.0000 0.0167 0.0326 8 '-0---0----' 0.0087
topTuneBoost_Web_alpha0 0 290 0.0167 0.1000 0.1389 0.0689 0.0322 6 '010----0--' 0.5000
topTuneBoost_Web_alpha0 0 291 0.0076 0.1000 0.0364 0.0280 0.0393 6 '000--1----' 0.1667
topTuneBoost_Web_alpha0 0 292 0.0128 0.2000 0.1717 0.0796 0.0575 8 '1-2-------' 1.0000
topTuneBoost_Web_alpha0 0 293 0.0037 0.1000 0.0750 0.0363 0.0326 9 '--2-------' 0.3333
topTuneBoost_Web_alpha0 0 294 0.0007 0.1000 0.0663 0.0246 0.0263 7 '---0--0-2-' 0.1111
topTuneBoost_Web_alpha0 0 295 0.0504 0.4000 0.4393 0.1608 0.0695 2 '211200-0-0' 1.0000
topTuneBoost_Web_alpha0 0 296 0.0224 0.4000 0.2149 0.0776 0.0379 6 '11-1-----3' 1.0000
topTuneBoost_Web_alpha0 0 297 0.0123 0.3000 0.2989 0.0814 0.0537 6 '1----1--10' 1.0000
topTuneBoost_Web_alpha0 0 298 0.0131 0.3000 0.0930 0.1246 0.0913 7 '--2--11---' 0.3333
topTuneBoost_Web_alpha0 0 299 0.0000 0.0000 0.0000 0.0000 0.0000 10 '----------' 0.0000
topTuneBoost_Web_alpha0 0 300 0.0000 0.0000 0.0000 0.0058 0.0140 8 '--00------' 0.0015
topTuneBoost_Web_alpha1 1 201 0.0541 0.5000 0.2377 0.1538 0.1133 0 '0110010101' 0.5000
topTuneBoost_Web_alpha1 1 202 0.0000 0.0000 0.0000 0.0000 0.0000 1 '000000000-' 0.0000
topTuneBoost_Web_alpha1 1 203 0.0213 0.2000 0.2833 0.1439 0.1118 6 '3002------' 1.0000
topTuneBoost_Web_alpha1 1 204 0.0394 0.2000 0.1065 0.1532 0.1459 1 '000020-010' 0.2000
topTuneBoost_Web_alpha1 1 205 0.0505 0.5000 0.1548 0.1288 0.1333 2 '0001-1111-' 0.2500
topTuneBoost_Web_alpha1 1 206 0.0104 0.1000 0.0402 0.1266 0.1432 7 '0----0-1--' 0.1250
topTuneBoost_Web_alpha1 1 207 0.0360 0.2000 0.0774 0.1412 0.1356 0 '0100000010' 0.5000
topTuneBoost_Web_alpha1 1 208 0.0651 0.4000 0.2317 0.1686 0.1157 0 '1002001001' 1.0000
topTuneBoost_Web_alpha1 1 209 0.0110 0.1000 0.0622 0.0565 0.0592 3 '00---02000' 0.1429
topTuneBoost_Web_alpha1 1 210 0.0128 0.1000 0.0776 0.0960 0.0555 0 '0000020000' 0.1667
topTuneBoost_Web_alpha1 1 211 0.0951 0.7000 0.2852 0.2260 0.2128 1 '0-21101111' 0.3333
topTuneBoost_Web_alpha1 1 212 0.0013 0.0000 0.0000 0.0584 0.0000 4 '-000-0-00-' 0.0093
topTuneBoost_Web_alpha1 1 213 0.0408 0.3000 0.2911 0.2068 0.1920 4 '2-0-010--1' 1.0000
topTuneBoost_Web_alpha1 1 214 0.1030 0.5000 0.3829 0.2531 0.2127 5 '11-2-1-2--' 1.0000
topTuneBoost_Web_alpha1 1 215 0.1712 0.8000 0.5406 0.3325 0.2570 1 '1111011-11' 1.0000
topTuneBoost_Web_alpha1 1 216 0.0697 0.7000 0.3072 0.1841 0.1629 3 '1--12221-1' 1.0000
topTuneBoost_Web_alpha1 1 217 0.0823 0.8000 0.3757 0.1890 0.1601 1 '111-011121' 1.0000
topTuneBoost_Web_alpha1 1 218 0.0147 0.2000 0.0917 0.1096 0.1130 3 '0010-010--' 0.3333
topTuneBoost_Web_alpha1 1 219 0.0005 0.0000 0.0000 0.0268 0.0044 5 '00-0-0---0' 0.0059
topTuneBoost_Web_alpha1 1 220 0.0007 0.0000 0.0000 0.0387 0.0215 5 '00-0-00---' 0.0132
topTuneBoost_Web_alpha1 1 221 0.0909 0.6000 0.3098 0.1888 0.1834 1 '111200011-' 1.0000
topTuneBoost_Web_alpha1 1 222 0.0853 0.6000 0.2688 0.1953 0.1801 2 '1100-1221-' 1.0000
topTuneBoost_Web_alpha1 1 223 0.1262 0.6000 0.4120 0.3180 0.2218 0 '2014410010' 1.0000
topTuneBoost_Web_alpha1 1 224 0.0481 0.3000 0.3352 0.1879 0.1089 1 '20000210-0' 1.0000
topTuneBoost_Web_alpha1 1 225 0.0000 0.0000 0.0000 0.0000 0.0000 5 '0000---0--' 0.0000
topTuneBoost_Web_alpha1 1 226 0.0233 0.1000 0.0474 0.1535 0.1333 3 '0-010000--' 0.2500
topTuneBoost_Web_alpha1 1 227 0.1385 0.6000 0.6000 0.3489 0.2320 1 '413401030-' 1.0000
topTuneBoost_Web_alpha1 1 228 0.0250 0.2000 0.1488 0.1324 0.1095 4 '0200-01---' 0.5000
topTuneBoost_Web_alpha1 1 229 0.1035 0.5000 0.5767 0.2982 0.2317 1 '202202200-' 1.0000
topTuneBoost_Web_alpha1 1 230 0.0471 0.3000 0.3130 0.1824 0.1133 3 '10-020-1-0' 1.0000
topTuneBoost_Web_alpha1 1 231 0.0755 0.4000 0.1573 0.2235 0.2562 3 '0101-10-1-' 0.5000
topTuneBoost_Web_alpha1 1 232 0.1229 0.6000 0.7058 0.2794 0.1451 1 '11110100-1' 1.0000
topTuneBoost_Web_alpha1 1 233 0.0543 0.4000 0.3916 0.1794 0.0917 1 '1101010-00' 1.0000
topTuneBoost_Web_alpha1 1 234 0.0714 0.6000 0.4627 0.2175 0.1650 2 '01111--110' 0.5000
topTuneBoost_Web_alpha1 1 235 0.0714 0.1000 0.2996 0.2583 0.0714 5 '20--0.-0--' 1.0000
topTuneBoost_Web_alpha1 1 236 0.0994 0.6000 0.5352 0.2532 0.1841 3 '1111110---' 1.0000
topTuneBoost_Web_alpha1 1 237 0.0000 0.0000 0.0000 0.0000 0.0000 2 '0000-0000-' 0.0000
topTuneBoost_Web_alpha1 1 238 0.0592 0.3000 0.2490 0.1673 0.1022 2 '01201000--' 0.5000
topTuneBoost_Web_alpha1 1 239 0.0610 0.5000 0.2260 0.1607 0.1426 2 '0011110-1-' 0.3333
topTuneBoost_Web_alpha1 1 240 0.0013 0.0000 0.0000 0.0320 0.0391 6 '0---0--0-0' 0.0500
topTuneBoost_Web_alpha1 1 241 0.0097 0.2000 0.0642 0.0885 0.1334 5 '-0-100---1' 0.2500
topTuneBoost_Web_alpha1 1 242 0.0025 0.0000 0.0000 0.0456 0.0208 3 '00000--0-0' 0.0556
topTuneBoost_Web_alpha1 1 243 0.0173 0.2000 0.0813 0.0811 0.0816 1 '00-10000.1' 0.2500
topTuneBoost_Web_alpha1 1 244 0.1697 0.3000 0.2916 0.3020 0.2076 4 '1100---10-' 1.0000
topTuneBoost_Web_alpha1 1 245 0.0025 0.0000 0.0000 0.0247 0.0000 3 '0000--000-' 0.0227
topTuneBoost_Web_alpha1 1 246 0.0106 0.2000 0.1331 0.0716 0.0541 1 '02000000-1' 0.5000
topTuneBoost_Web_alpha1 1 247 0.0417 0.1000 0.1804 0.1121 0.0417 5 '10--0--00-' 1.0000
topTuneBoost_Web_alpha1 1 248 0.0029 0.0000 0.0000 0.0391 0.0404 3 '0000-0-0-0' 0.0400
topTuneBoost_Web_alpha1 1 249 0.0169 0.0000 0.0000 0.1297 0.1395 7 '---0-0-0--' 0.0909
topTuneBoost_Web_alpha1 1 250 0.0100 0.1000 0.0473 0.0362 0.0475 6 '---0100---' 0.2000
topTuneBoost_Web_alpha1 1 251 0.0029 0.0000 0.0000 0.0357 0.0328 9 '--------0-' 0.0833
topTuneBoost_Web_alpha1 1 252 0.0338 0.4000 0.2246 0.1098 0.0708 4 '11-00-1-1-' 1.0000
topTuneBoost_Web_alpha1 1 253 0.0367 0.4000 0.2581 0.1096 0.0650 4 '21101--0--' 1.0000
topTuneBoost_Web_alpha1 1 254 0.0002 0.0000 0.0000 0.0102 0.0208 6 '00--0--0--' 0.0044
topTuneBoost_Web_alpha1 1 255 0.0042 0.0000 0.0000 0.0351 0.0400 6 '--00.---0-' 0.0208
topTuneBoost_Web_alpha1 1 256 0.0423 0.4000 0.2273 0.1344 0.0995 6 '11---31---' 1.0000
topTuneBoost_Web_alpha1 1 257 0.0387 0.4000 0.1773 0.1394 0.1016 3 '011-0--022' 0.5000
topTuneBoost_Web_alpha1 1 258 0.0108 0.2000 0.1026 0.0467 0.0418 7 '01------1-' 0.5000
topTuneBoost_Web_alpha1 1 259 0.0637 0.5000 0.4775 0.1693 0.0879 3 '11111---00' 1.0000
topTuneBoost_Web_alpha1 1 260 0.0038 0.0000 0.0000 0.0384 0.0747 9 '0---------' 0.0417
topTuneBoost_Web_alpha1 1 261 0.0030 0.0000 0.0000 0.0388 0.0726 7 '-00---0---' 0.0526
topTuneBoost_Web_alpha1 1 262 0.0025 0.1000 0.0516 0.0358 0.0280 8 '----1--0--' 0.2000
topTuneBoost_Web_alpha1 1 263 0.0162 0.3000 0.2522 0.0950 0.0573 6 '10-1-2----' 1.0000
topTuneBoost_Web_alpha1 1 264 0.0122 0.1000 0.0474 0.0867 0.0982 8 '0--1------' 0.2500
topTuneBoost_Web_alpha1 1 265 0.0772 0.3000 0.3701 0.3141 0.1723 4 '03-024--0-' 0.5000
topTuneBoost_Web_alpha1 1 266 0.0191 0.5000 0.5384 0.1425 0.0653 5 '-43444----' 0.5000
topTuneBoost_Web_alpha1 1 267 0.0009 0.0000 0.0000 0.0062 0.0118 9 '------.---' 0.0769
topTuneBoost_Web_alpha1 1 268 0.0132 0.2000 0.2146 0.0633 0.0224 5 '2-1----000' 1.0000
topTuneBoost_Web_alpha1 1 269 0.0046 0.1000 0.0919 0.0690 0.0329 6 '0-0--0-4--' 0.1250
topTuneBoost_Web_alpha1 1 270 0.0227 0.1000 0.1866 0.1451 0.1100 8 '20--------' 1.0000
topTuneBoost_Web_alpha1 1 271 0.0167 0.1000 0.0645 0.0539 0.0578 6 '0-01-0----' 0.2500
topTuneBoost_Web_alpha1 1 272 0.0108 0.3000 0.1070 0.0845 0.0808 6 '0-11---1--' 0.3333
topTuneBoost_Web_alpha1 1 273 0.0803 0.5000 0.4447 0.2898 0.1669 3 '-0443-40-4' 0.3333
topTuneBoost_Web_alpha1 1 274 0.0154 0.2000 0.1119 0.0771 0.0835 7 '10--1-----' 1.0000
topTuneBoost_Web_alpha1 1 275 0.0000 0.0000 0.0000 0.0000 0.0000 6 '0---00--0-' 0.0000
topTuneBoost_Web_alpha1 1 276 0.0121 0.2000 0.0965 0.0587 0.0496 8 '1------1--' 1.0000
topTuneBoost_Web_alpha1 1 277 0.0000 0.0000 0.0000 0.0045 0.0130 8 '0------0--' 0.0023
topTuneBoost_Web_alpha1 1 278 0.0000 0.0000 0.0000 0.0000 0.0000 6 '-0--00--0-' 0.0000
topTuneBoost_Web_alpha1 1 279 0.0227 0.3000 0.2181 0.1079 0.0601 6 '2-0-1--1--' 1.0000
topTuneBoost_Web_alpha1 1 280 0.0071 0.1000 0.0384 0.0645 0.0689 9 '----1-----' 0.2000
topTuneBoost_Web_alpha1 1 281 0.0135 0.3000 0.1273 0.0739 0.0650 5 '--10-10-1-' 0.3333
topTuneBoost_Web_alpha1 1 282 0.0257 0.3000 0.3483 0.1350 0.1009 5 '1011---0--' 1.0000
topTuneBoost_Web_alpha1 1 283 0.0501 0.5000 0.2831 0.1264 0.0724 4 '1112-0---3' 1.0000
topTuneBoost_Web_alpha1 1 284 0.0323 0.4000 0.3341 0.1460 0.0857 6 '12-3--3---' 1.0000
topTuneBoost_Web_alpha1 1 285 0.0314 0.6000 0.4284 0.1115 0.0465 4 '22-142-1--' 1.0000
topTuneBoost_Web_alpha1 1 286 0.0113 0.2000 0.1355 0.0598 0.0481 7 '1------2-0' 1.0000
topTuneBoost_Web_alpha1 1 287 0.0035 0.1000 0.0560 0.0277 0.0208 8 '0----2----' 0.1667
topTuneBoost_Web_alpha1 1 288 0.0084 0.1000 0.0427 0.0688 0.0619 8 '0--1------' 0.2500
topTuneBoost_Web_alpha1 1 289 0.0008 0.0000 0.0000 0.0189 0.0330 8 '--0-----0-' 0.0345
topTuneBoost_Web_alpha1 1 290 0.0033 0.1000 0.0636 0.0316 0.0289 5 '-0----0001' 0.1000
topTuneBoost_Web_alpha1 1 291 0.0038 0.0000 0.0000 0.0212 0.0393 7 '000-------' 0.0833
topTuneBoost_Web_alpha1 1 292 0.0148 0.3000 0.2209 0.0853 0.0614 7 '1--2-2----' 1.0000
topTuneBoost_Web_alpha1 1 293 0.0017 0.1000 0.0500 0.0303 0.0403 9 '------2---' 0.1429
topTuneBoost_Web_alpha1 1 294 0.0004 0.0000 0.0000 0.0188 0.0225 8 '00--------' 0.0175
topTuneBoost_Web_alpha1 1 295 0.0507 0.4000 0.4063 0.1503 0.0695 4 '122100----' 1.0000
topTuneBoost_Web_alpha1 1 296 0.0179 0.4000 0.2132 0.0758 0.0376 4 '1--13-01-0' 1.0000
topTuneBoost_Web_alpha1 1 297 0.0085 0.3000 0.2143 0.0660 0.0536 7 '--1-1---1-' 0.3333
topTuneBoost_Web_alpha1 1 298 0.0194 0.3000 0.1208 0.1487 0.1038 7 '1--2--1---' 1.0000
topTuneBoost_Web_alpha1 1 299 0.0000 0.0000 0.0000 0.0000 0.0000 10 '----------' 0.0000
topTuneBoost_Web_alpha1 1 300 0.0000 0.0000 0.0000 0.0056 0.0146 8 '--0-----0-' 0.0011
topTuneBoost_Web_alpha10 10 201 0.0265 0.2000 0.0687 0.1121 0.0995 4 '-00-0--101' 0.1250
topTuneBoost_Web_alpha10 10 202 0.1429 0.1000 0.3333 0.3333 0.0000 1 '000000400-' 0.1429
topTuneBoost_Web_alpha10 10 203 0.0267 0.4000 0.3299 0.1439 0.1056 6 '23-----1-1' 1.0000
topTuneBoost_Web_alpha10 10 204 0.0172 0.2000 0.1182 0.1079 0.1135 5 '-----00031' 0.1111
topTuneBoost_Web_alpha10 10 205 0.0000 0.0000 0.0000 0.0000 0.0000 10 '----------' 0.0000
topTuneBoost_Web_alpha10 10 206 0.0021 0.0000 0.0000 0.0656 0.0830 8 '-0-------0' 0.0204
topTuneBoost_Web_alpha10 10 207 0.0160 0.3000 0.1179 0.0806 0.0797 4 '-0--21-001' 0.2000
topTuneBoost_Web_alpha10 10 208 0.0760 0.3000 0.2724 0.1829 0.1137 1 '2100-00001' 1.0000
topTuneBoost_Web_alpha10 10 209 0.0005 0.0000 0.0000 0.0233 0.0000 5 '-000-0-0--' 0.0065
topTuneBoost_Web_alpha10 10 210 0.0107 0.0000 0.0000 0.0825 0.0650 4 '00----0000' 0.0667
topTuneBoost_Web_alpha10 10 211 0.0044 0.1000 0.0332 0.0682 0.0866 9 '-----1----' 0.1667
topTuneBoost_Web_alpha10 10 212 0.0004 0.0000 0.0000 0.0215 0.0062 7 '-0--0----0' 0.0075
topTuneBoost_Web_alpha10 10 213 0.0295 0.2000 0.1402 0.1640 0.1850 7 '-01-2-----' 0.3333
topTuneBoost_Web_alpha10 10 214 0.0459 0.5000 0.2899 0.1765 0.1655 5 '11--1--11-' 1.0000
topTuneBoost_Web_alpha10 10 215 0.0672 0.4000 0.2323 0.2314 0.2517 6 '--111-1---' 0.3333
topTuneBoost_Web_alpha10 10 216 0.0357 0.6000 0.2968 0.1305 0.0982 4 '112-12-1--' 1.0000
topTuneBoost_Web_alpha10 10 217 0.0464 0.5000 0.3512 0.1499 0.1111 5 '21-11--1--' 1.0000
topTuneBoost_Web_alpha10 10 218 0.0241 0.3000 0.1918 0.1108 0.0834 5 '1-0-110---' 1.0000
topTuneBoost_Web_alpha10 10 219 0.0000 0.0000 0.0000 0.0058 0.0014 8 '------0-0-' 0.0014
topTuneBoost_Web_alpha10 10 220 0.0006 0.0000 0.0000 0.0435 0.0592 7 '-00-0-----' 0.0069
topTuneBoost_Web_alpha10 10 221 0.0124 0.1000 0.0542 0.0762 0.1001 8 '-1--0-----' 0.5000
topTuneBoost_Web_alpha10 10 222 0.0644 0.3000 0.1306 0.1736 0.1580 3 '10-011-00-' 1.0000
topTuneBoost_Web_alpha10 10 223 0.0563 0.6000 0.3850 0.2224 0.1522 2 '10421410--' 1.0000
topTuneBoost_Web_alpha10 10 224 0.0089 0.1000 0.1100 0.0872 0.1065 8 '--2------0' 0.3333
topTuneBoost_Web_alpha10 10 225 0.0000 0.0000 0.0000 0.0000 0.0000 9 '0---------' 0.0000
topTuneBoost_Web_alpha10 10 226 0.0059 0.0000 0.0000 0.0925 0.1279 6 '0-0-00----' 0.0714
topTuneBoost_Web_alpha10 10 227 0.0928 0.5000 0.4200 0.2434 0.1548 4 '14301-3---' 1.0000
topTuneBoost_Web_alpha10 10 228 0.0167 0.1000 0.0589 0.0751 0.0625 7 '010-------' 0.5000
topTuneBoost_Web_alpha10 10 229 0.1197 0.5000 0.6274 0.3151 0.2276 2 '22220-00-2' 1.0000
topTuneBoost_Web_alpha10 10 230 0.0393 0.3000 0.2616 0.1487 0.1170 5 '1-01-0-1--' 1.0000
topTuneBoost_Web_alpha10 10 231 0.0698 0.5000 0.2268 0.2060 0.2390 5 '1-1--11--1' 1.0000
topTuneBoost_Web_alpha10 10 232 0.0016 0.0000 0.0000 0.0307 0.0345 7 '-00-0-----' 0.0667
topTuneBoost_Web_alpha10 10 233 0.0542 0.4000 0.3962 0.1750 0.1122 6 '111----1--' 1.0000
topTuneBoost_Web_alpha10 10 234 0.0365 0.6000 0.4630 0.1351 0.0939 3 '0111-111--' 0.5000
topTuneBoost_Web_alpha10 10 235 0.0119 0.1000 0.1067 0.0920 0.0663 6 '---0-200--' 0.1667
topTuneBoost_Web_alpha10 10 236 0.0436 0.3000 0.2944 0.1726 0.1380 6 '1-011-----' 1.0000
topTuneBoost_Web_alpha10 10 237 0.0000 0.0000 0.0000 0.0000 0.0000 8 '0-0-------' 0.0000
topTuneBoost_Web_alpha10 10 238 0.0372 0.1000 0.1234 0.1246 0.0956 8 '10--------' 1.0000
topTuneBoost_Web_alpha10 10 239 0.0715 0.5000 0.3340 0.1678 0.1100 4 '111101----' 1.0000
topTuneBoost_Web_alpha10 10 240 0.0005 0.0000 0.0000 0.0237 0.0310 10 '----------' 0.0167
topTuneBoost_Web_alpha10 10 241 0.0016 0.0000 0.0000 0.0373 0.0594 10 '----------' 0.0500
topTuneBoost_Web_alpha10 10 242 0.0019 0.0000 0.0000 0.0341 0.0320 4 '00---000-0' 0.0435
topTuneBoost_Web_alpha10 10 243 0.0290 0.3000 0.1527 0.1019 0.0858 2 '01001-1-.0' 0.5000
topTuneBoost_Web_alpha10 10 244 0.0247 0.2000 0.0884 0.1177 0.2145 6 '-0-----011' 0.1111
topTuneBoost_Web_alpha10 10 245 0.0000 0.0000 0.0000 0.0000 0.0000 7 '00-------0' 0.0000
topTuneBoost_Web_alpha10 10 246 0.0159 0.1000 0.1717 0.0875 0.0405 9 '2---------' 1.0000
topTuneBoost_Web_alpha10 10 247 0.0025 0.0000 0.0000 0.0269 0.0365 8 '0-0-------' 0.0588
topTuneBoost_Web_alpha10 10 248 0.0053 0.1000 0.0496 0.0448 0.0666 9 '---------2' 0.1000
topTuneBoost_Web_alpha10 10 249 0.0133 0.1000 0.0474 0.1080 0.1606 9 '---1------' 0.2500
topTuneBoost_Web_alpha10 10 250 0.0019 0.0000 0.0000 0.0195 0.0425 9 '0---------' 0.0370
topTuneBoost_Web_alpha10 10 251 0.0036 0.1000 0.0694 0.0357 0.0221 9 '-1--------' 0.5000
topTuneBoost_Web_alpha10 10 252 0.0005 0.0000 0.0000 0.0159 0.0228 10 '----------' 0.0217
topTuneBoost_Web_alpha10 10 253 0.0217 0.4000 0.1326 0.0652 0.0471 5 '-11-1--0-1' 0.5000
topTuneBoost_Web_alpha10 10 254 0.0000 0.0000 0.0000 0.0000 0.0000 9 '0---------' 0.0000
topTuneBoost_Web_alpha10 10 255 0.0034 0.0000 0.0000 0.0335 0.0000 9 '0---------' 0.0172
topTuneBoost_Web_alpha10 10 256 0.0024 0.1000 0.0236 0.0291 0.0552 9 '-------1--' 0.1250
topTuneBoost_Web_alpha10 10 257 0.0325 0.3000 0.4342 0.1915 0.0665 7 '4-1-3-----' 1.0000
topTuneBoost_Web_alpha10 10 258 0.0018 0.1000 0.0347 0.0135 0.0139 7 '---0--01--' 0.1250
topTuneBoost_Web_alpha10 10 259 0.0170 0.3000 0.1835 0.0816 0.0605 4 '-0011-01--' 0.2500
topTuneBoost_Web_alpha10 10 260 0.0000 0.0000 0.0000 0.0000 0.0000 9 '---0------' 0.0000
topTuneBoost_Web_alpha10 10 261 0.0002 0.0000 0.0000 0.0132 0.0317 9 '-----0----' 0.0038
topTuneBoost_Web_alpha10 10 262 0.0005 0.0000 0.0000 0.0111 0.0095 10 '----------' 0.0833
topTuneBoost_Web_alpha10 10 263 0.0033 0.1000 0.1014 0.0407 0.0193 8 '-0-2------' 0.2500
topTuneBoost_Web_alpha10 10 264 0.0000 0.0000 0.0000 0.0000 0.0000 8 '.---0-----' 0.0000
topTuneBoost_Web_alpha10 10 265 0.0162 0.1000 0.1809 0.1631 0.0839 6 '0040------' 0.3333
topTuneBoost_Web_alpha10 10 266 0.0028 0.0000 0.0000 0.0679 0.0492 10 '----------' 0.0833
topTuneBoost_Web_alpha10 10 267 0.0000 0.0000 0.0000 0.0000 0.0000 10 '----------' 0.0000
topTuneBoost_Web_alpha10 10 268 0.0102 0.2000 0.2023 0.0557 0.0152 6 '2-0--1---0' 1.0000
topTuneBoost_Web_alpha10 10 269 0.0370 0.1000 0.2914 0.2188 0.0370 5 '4-00-00---' 1.0000
topTuneBoost_Web_alpha10 10 270 0.0017 0.0000 0.0000 0.0407 0.0746 10 '----------' 0.0476
topTuneBoost_Web_alpha10 10 271 0.0000 0.0000 0.0000 0.0000 0.0000 9 '0---------' 0.0000
topTuneBoost_Web_alpha10 10 272 0.0184 0.4000 0.2381 0.0897 0.0644 5 '1101-2----' 1.0000
topTuneBoost_Web_alpha10 10 273 0.0726 0.4000 0.4091 0.2800 0.1437 4 '0430-44---' 0.5000
topTuneBoost_Web_alpha10 10 274 0.0015 0.1000 0.0233 0.0278 0.0470 9 '---------1' 0.1000
topTuneBoost_Web_alpha10 10 275 0.0000 0.0000 0.0000 0.0000 0.0000 7 '0-0-----0-' 0.0000
topTuneBoost_Web_alpha10 10 276 0.0001 0.0000 0.0000 0.0048 0.0097 10 '----------' 0.0100
topTuneBoost_Web_alpha10 10 277 0.0000 0.0000 0.0000 0.0000 0.0000 9 '0---------' 0.0000
topTuneBoost_Web_alpha10 10 278 0.0000 0.0000 0.0000 0.0000 0.0000 9 '-0--------' 0.0000
topTuneBoost_Web_alpha10 10 279 0.0026 0.1000 0.0538 0.0441 0.0602 9 '------2---' 0.1429
topTuneBoost_Web_alpha10 10 280 0.0012 0.0000 0.0000 0.0234 0.0380 10 '----------' 0.0294
topTuneBoost_Web_alpha10 10 281 0.0068 0.1000 0.0550 0.0485 0.0469 9 '--1-------' 0.3333
topTuneBoost_Web_alpha10 10 282 0.0015 0.1000 0.0698 0.0291 0.0294 8 '---01-----' 0.2000
topTuneBoost_Web_alpha10 10 283 0.0019 0.0000 0.0000 0.0178 0.0312 10 '----------' 0.0323
topTuneBoost_Web_alpha10 10 284 0.0129 0.3000 0.1996 0.0914 0.0558 7 '2---1-1---' 1.0000
topTuneBoost_Web_alpha10 10 285 0.0051 0.1000 0.1367 0.0489 0.0312 9 '2---------' 1.0000
topTuneBoost_Web_alpha10 10 286 0.0016 0.1000 0.0643 0.0236 0.0161 9 '----2-----' 0.2000
topTuneBoost_Web_alpha10 10 287 0.0000 0.0000 0.0000 0.0000 0.0000 8 '0-0-------' 0.0000
topTuneBoost_Web_alpha10 10 288 0.0014 0.1000 0.0313 0.0185 0.0139 9 '-------1--' 0.1250
topTuneBoost_Web_alpha10 10 289 0.0010 0.0000 0.0000 0.0150 0.0362 7 '---00--0--' 0.0400
topTuneBoost_Web_alpha10 10 290 0.0000 0.0000 0.0000 0.0000 0.0000 7 '--00-----0' 0.0000
topTuneBoost_Web_alpha10 10 291 0.0000 0.0000 0.0000 0.0000 0.0000 7 '-------000' 0.0000
topTuneBoost_Web_alpha10 10 292 0.0017 0.0000 0.0000 0.0449 0.0552 10 '----------' 0.0143
topTuneBoost_Web_alpha10 10 293 0.0002 0.0000 0.0000 0.0044 0.0082 9 '0---------' 0.0278
topTuneBoost_Web_alpha10 10 294 0.0004 0.0000 0.0000 0.0153 0.0150 8 '----00----' 0.0588
topTuneBoost_Web_alpha10 10 295 0.0397 0.4000 0.3575 0.1214 0.0587 6 '1-221-----' 1.0000
topTuneBoost_Web_alpha10 10 296 0.0000 0.0000 0.0000 0.0084 0.0060 6 '..-----0-0' 0.0031
topTuneBoost_Web_alpha10 10 297 0.0078 0.1000 0.1804 0.0511 0.0239 8 '10--------' 1.0000
topTuneBoost_Web_alpha10 10 298 0.0008 0.0000 0.0000 0.0385 0.0327 10 '----------' 0.0333
topTuneBoost_Web_alpha10 10 299 0.0000 0.0000 0.0000 0.0000 0.0000 10 '----------' 0.0000
topTuneBoost_Web_alpha10 10 300 0.0027 0.1000 0.0454 0.0195 0.0161 9 '-----1----' 0.1667
topTuneBoost_Web_alpha2 2 201 0.0551 0.4000 0.2334 0.1598 0.1126 0 '1001001001' 1.0000
topTuneBoost_Web_alpha2 2 202 0.0000 0.0000 0.0000 0.0000 0.0000 0 '0000000000' 0.0000
topTuneBoost_Web_alpha2 2 203 0.0264 0.2000 0.2935 0.1570 0.1180 4 '302---00-0' 1.0000
topTuneBoost_Web_alpha2 2 204 0.0370 0.3000 0.2026 0.1516 0.1414 3 '00-10-230-' 0.2500
topTuneBoost_Web_alpha2 2 205 0.0267 0.0000 0.0000 0.0961 0.1178 2 '00-000000-' 0.0909
topTuneBoost_Web_alpha2 2 206 0.0071 0.0000 0.0000 0.1092 0.1275 7 '0--0----0-' 0.0625
topTuneBoost_Web_alpha2 2 207 0.0427 0.2000 0.1108 0.1552 0.1358 2 '10000010--' 1.0000
topTuneBoost_Web_alpha2 2 208 0.0672 0.4000 0.2312 0.1714 0.1203 1 '100200011-' 1.0000
topTuneBoost_Web_alpha2 2 209 0.0070 0.0000 0.0000 0.0472 0.0355 3 '000--0-000' 0.0909
topTuneBoost_Web_alpha2 2 210 0.0124 0.1000 0.0630 0.0890 0.0577 0 '0000000002' 0.1000
topTuneBoost_Web_alpha2 2 211 0.0893 0.6000 0.3222 0.2141 0.1979 2 '0-2111130-' 0.3333
topTuneBoost_Web_alpha2 2 212 0.0013 0.0000 0.0000 0.0438 0.0000 6 '-0--0---00' 0.0161
topTuneBoost_Web_alpha2 2 213 0.0447 0.3000 0.2331 0.1959 0.1950 4 '-210-10-0-' 0.5000
topTuneBoost_Web_alpha2 2 214 0.0941 0.6000 0.4277 0.2440 0.2114 4 '11---1222-' 1.0000
topTuneBoost_Web_alpha2 2 215 0.1942 0.8000 0.5365 0.3418 0.2633 2 '111-1111-1' 1.0000
topTuneBoost_Web_alpha2 2 216 0.0742 0.7000 0.4291 0.1967 0.1621 3 '122-1-223-' 1.0000
topTuneBoost_Web_alpha2 2 217 0.0948 0.8000 0.3492 0.1964 0.1613 1 '11-1111101' 1.0000
topTuneBoost_Web_alpha2 2 218 0.0183 0.1000 0.0474 0.1134 0.1153 3 '0001-0-0-0' 0.2500
topTuneBoost_Web_alpha2 2 219 0.0002 0.0000 0.0000 0.0141 0.0031 6 '00----00--' 0.0047
topTuneBoost_Web_alpha2 2 220 0.0007 0.0000 0.0000 0.0451 0.0310 4 '000-0-00--' 0.0132
topTuneBoost_Web_alpha2 2 221 0.0932 0.6000 0.3549 0.2047 0.1896 2 '21101-011-' 1.0000
topTuneBoost_Web_alpha2 2 222 0.0857 0.6000 0.2561 0.1934 0.1793 2 '10011-221-' 1.0000
topTuneBoost_Web_alpha2 2 223 0.1308 0.7000 0.4305 0.3206 0.2224 0 '2014410011' 1.0000
topTuneBoost_Web_alpha2 2 224 0.0601 0.3000 0.3526 0.2113 0.1178 1 '2001200-00' 1.0000
topTuneBoost_Web_alpha2 2 225 0.0000 0.0000 0.0000 0.0000 0.0000 4 '000---00-0' 0.0000
topTuneBoost_Web_alpha2 2 226 0.0209 0.1000 0.0426 0.1488 0.1366 3 '0-00100--0' 0.2000
topTuneBoost_Web_alpha2 2 227 0.1399 0.6000 0.6035 0.3560 0.2352 2 '41340130--' 1.0000
topTuneBoost_Web_alpha2 2 228 0.0295 0.2000 0.1579 0.1375 0.1080 2 '0201-0-000' 0.5000
topTuneBoost_Web_alpha2 2 229 0.1152 0.5000 0.5984 0.3115 0.2336 1 '2202020-20' 1.0000
topTuneBoost_Web_alpha2 2 230 0.0538 0.3000 0.3157 0.1888 0.1141 4 '1-002-1-0-' 1.0000
topTuneBoost_Web_alpha2 2 231 0.1048 0.5000 0.2360 0.2571 0.2604 3 '1011--110-' 1.0000
topTuneBoost_Web_alpha2 2 232 0.1221 0.5000 0.6489 0.2779 0.1418 1 '11111000-0' 1.0000
topTuneBoost_Web_alpha2 2 233 0.0594 0.4000 0.4078 0.1860 0.0990 4 '11101-0---' 1.0000
topTuneBoost_Web_alpha2 2 234 0.0736 0.7000 0.5222 0.2200 0.1662 2 '011111--11' 0.5000
topTuneBoost_Web_alpha2 2 235 0.0714 0.1000 0.2996 0.2583 0.0714 6 '200----0--' 1.0000
topTuneBoost_Web_alpha2 2 236 0.1103 0.7000 0.5840 0.2603 0.1856 3 '111111--1-' 1.0000
topTuneBoost_Web_alpha2 2 237 0.0000 0.0000 0.0000 0.0000 0.0000 1 '00000-0000' 0.0000
topTuneBoost_Web_alpha2 2 238 0.0592 0.3000 0.2490 0.1678 0.1056 3 '0120100---' 0.5000
topTuneBoost_Web_alpha2 2 239 0.0586 0.6000 0.2659 0.1588 0.1431 1 '001111110-' 0.3333
topTuneBoost_Web_alpha2 2 240 0.0030 0.0000 0.0000 0.0428 0.0493 6 '0----000--' 0.0500
topTuneBoost_Web_alpha2 2 241 0.0104 0.1000 0.0384 0.0920 0.1337 7 '---1--00--' 0.2500
topTuneBoost_Web_alpha2 2 242 0.0032 0.0000 0.0000 0.0482 0.0256 3 '0000-00--0' 0.0714
topTuneBoost_Web_alpha2 2 243 0.0239 0.3000 0.1023 0.0853 0.0828 1 '000-00.111' 0.1250
topTuneBoost_Web_alpha2 2 244 0.1407 0.3000 0.2274 0.2556 0.2561 4 '011010----' 0.5000
topTuneBoost_Web_alpha2 2 245 0.0025 0.0000 0.0000 0.0245 0.0000 3 '000000--0-' 0.0222
topTuneBoost_Web_alpha2 2 246 0.0223 0.2000 0.2087 0.1054 0.0573 2 '2001-0-000' 1.0000
topTuneBoost_Web_alpha2 2 247 0.0417 0.1000 0.1804 0.1121 0.0417 5 '1-0-00--0-' 1.0000
topTuneBoost_Web_alpha2 2 248 0.0066 0.0000 0.0000 0.0490 0.0618 3 '0000-0-00-' 0.0625
topTuneBoost_Web_alpha2 2 249 0.0210 0.0000 0.0000 0.1373 0.1513 7 '------0-00' 0.0909
topTuneBoost_Web_alpha2 2 250 0.0250 0.1000 0.0771 0.0591 0.0500 8 '-1----0---' 0.5000
topTuneBoost_Web_alpha2 2 251 0.0031 0.1000 0.0347 0.0373 0.0329 9 '-------1--' 0.1250
topTuneBoost_Web_alpha2 2 252 0.0235 0.2000 0.1487 0.0971 0.0701 4 '1-100-0--0' 1.0000
topTuneBoost_Web_alpha2 2 253 0.0382 0.4000 0.2342 0.1031 0.0655 5 '1211-0----' 1.0000
topTuneBoost_Web_alpha2 2 254 0.0001 0.0000 0.0000 0.0100 0.0208 7 '0-0---0---' 0.0048
topTuneBoost_Web_alpha2 2 255 0.0061 0.0000 0.0000 0.0387 0.0400 5 '--00---0.0' 0.0303
topTuneBoost_Web_alpha2 2 256 0.0445 0.4000 0.2274 0.1331 0.0991 6 '111-----3-' 1.0000
topTuneBoost_Web_alpha2 2 257 0.0377 0.4000 0.1903 0.1400 0.1018 4 '0--03112--' 0.2000
topTuneBoost_Web_alpha2 2 258 0.0088 0.1000 0.0694 0.0425 0.0416 7 '01-----0--' 0.5000
topTuneBoost_Web_alpha2 2 259 0.0591 0.5000 0.4726 0.1654 0.0876 3 '1111-1-00-' 1.0000
topTuneBoost_Web_alpha2 2 260 0.0014 0.0000 0.0000 0.0285 0.0660 8 '--0--0----' 0.0133
topTuneBoost_Web_alpha2 2 261 0.0022 0.0000 0.0000 0.0361 0.0726 7 '-0----00--' 0.0294
topTuneBoost_Web_alpha2 2 262 0.0025 0.1000 0.0575 0.0364 0.0280 8 '---1---0--' 0.2500
topTuneBoost_Web_alpha2 2 263 0.0152 0.3000 0.2610 0.0945 0.0569 5 '1-02-1---0' 1.0000
topTuneBoost_Web_alpha2 2 264 0.0103 0.2000 0.0714 0.0799 0.0982 7 '0-----11--' 0.1429
topTuneBoost_Web_alpha2 2 265 0.0661 0.3000 0.3504 0.2964 0.1655 4 '004-32-0--' 0.3333
topTuneBoost_Web_alpha2 2 266 0.0134 0.4000 0.3942 0.1253 0.0652 6 '-34---4--4' 0.5000
topTuneBoost_Web_alpha2 2 267 0.0007 0.0000 0.0000 0.0058 0.0118 10 '----------' 0.0625
topTuneBoost_Web_alpha2 2 268 0.0131 0.2000 0.2146 0.0630 0.0223 7 '2-1----0--' 1.0000
topTuneBoost_Web_alpha2 2 269 0.0093 0.1000 0.1255 0.0942 0.0329 5 '0004-0----' 0.2500
topTuneBoost_Web_alpha2 2 270 0.0214 0.1000 0.1866 0.1417 0.1118 8 '20--------' 1.0000
topTuneBoost_Web_alpha2 2 271 0.0111 0.1000 0.0534 0.0446 0.0578 7 '0--0-1----' 0.1667
topTuneBoost_Web_alpha2 2 272 0.0153 0.4000 0.1578 0.0820 0.0727 4 '-0012-1-1-' 0.2500
topTuneBoost_Web_alpha2 2 273 0.1003 0.5000 0.5709 0.3581 0.1688 4 '4-0434---4' 1.0000
topTuneBoost_Web_alpha2 2 274 0.0134 0.2000 0.1050 0.0736 0.0833 7 '10------1-' 1.0000
topTuneBoost_Web_alpha2 2 275 0.0000 0.0000 0.0000 0.0000 0.0000 7 '0---0--0--' 0.0000
topTuneBoost_Web_alpha2 2 276 0.0112 0.2000 0.0946 0.0566 0.0488 8 '1--------1' 1.0000
topTuneBoost_Web_alpha2 2 277 0.0000 0.0000 0.0000 0.0044 0.0130 9 '0---------' 0.0020
topTuneBoost_Web_alpha2 2 278 0.0000 0.0000 0.0000 0.0000 0.0000 5 '-0-000-0--' 0.0000
topTuneBoost_Web_alpha2 2 279 0.0189 0.2000 0.1857 0.1026 0.0604 7 '2--0----1-' 1.0000
topTuneBoost_Web_alpha2 2 280 0.0071 0.1000 0.0353 0.0613 0.0697 9 '-----1----' 0.1667
topTuneBoost_Web_alpha2 2 281 0.0142 0.2000 0.1086 0.0778 0.0651 6 '-10--10---' 0.5000
topTuneBoost_Web_alpha2 2 282 0.0252 0.4000 0.3850 0.1342 0.1011 4 '101-0-1-1-' 1.0000
topTuneBoost_Web_alpha2 2 283 0.0483 0.4000 0.2195 0.1242 0.0723 4 '1112-0-0--' 1.0000
topTuneBoost_Web_alpha2 2 284 0.0239 0.3000 0.2249 0.1276 0.0854 7 '1--32-----' 1.0000
topTuneBoost_Web_alpha2 2 285 0.0261 0.6000 0.3872 0.1024 0.0465 4 '2-12-4--12' 1.0000
topTuneBoost_Web_alpha2 2 286 0.0032 0.1000 0.0500 0.0415 0.0479 9 '--------2-' 0.1111
topTuneBoost_Web_alpha2 2 287 0.0030 0.1000 0.0524 0.0259 0.0208 8 '0-----2---' 0.1429
topTuneBoost_Web_alpha2 2 288 0.0052 0.0000 0.0000 0.0592 0.0617 8 '0-----0---' 0.0909
topTuneBoost_Web_alpha2 2 289 0.0010 0.0000 0.0000 0.0190 0.0330 7 '---0-00---' 0.0435
topTuneBoost_Web_alpha2 2 290 0.0014 0.0000 0.0000 0.0238 0.0233 6 '---0-0-0-0' 0.0435
topTuneBoost_Web_alpha2 2 291 0.0035 0.0000 0.0000 0.0206 0.0372 6 '000------0' 0.0769
topTuneBoost_Web_alpha2 2 292 0.0146 0.3000 0.1710 0.0815 0.0613 7 '--12---2--' 0.3333
topTuneBoost_Web_alpha2 2 293 0.0017 0.1000 0.0473 0.0392 0.0557 8 '-----0-2--' 0.1250
topTuneBoost_Web_alpha2 2 294 0.0004 0.0000 0.0000 0.0183 0.0225 8 '00--------' 0.0167
topTuneBoost_Web_alpha2 2 295 0.0517 0.4000 0.4063 0.1510 0.0699 4 '122100----' 1.0000
topTuneBoost_Web_alpha2 2 296 0.0055 0.1000 0.0948 0.0540 0.0367 7 '0--30-----' 0.2500
topTuneBoost_Web_alpha2 2 297 0.0105 0.2000 0.2373 0.0771 0.0534 8 '1------1--' 1.0000
topTuneBoost_Web_alpha2 2 298 0.0186 0.3000 0.1135 0.1632 0.1227 7 '1---2----1' 1.0000
topTuneBoost_Web_alpha2 2 299 0.0000 0.0000 0.0000 0.0000 0.0000 10 '----------' 0.0000
topTuneBoost_Web_alpha2 2 300 0.0006 0.0000 0.0000 0.0115 0.0159 10 '----------' 0.0385
topTuneBoost_Web_alpha3 3 201 0.0494 0.4000 0.1771 0.1451 0.1122 1 '00101101-0' 0.3333
topTuneBoost_Web_alpha3 3 202 0.0000 0.0000 0.0000 0.0000 0.0000 0 '0000000000' 0.0000
topTuneBoost_Web_alpha3 3 203 0.0251 0.2000 0.2690 0.1548 0.1242 4 '30----2000' 1.0000
topTuneBoost_Web_alpha3 3 204 0.0339 0.3000 0.2040 0.1496 0.1418 3 '0--0130-20' 0.2000
topTuneBoost_Web_alpha3 3 205 0.0092 0.0000 0.0000 0.0718 0.1011 3 '0000--0-00' 0.0208
topTuneBoost_Web_alpha3 3 206 0.0053 0.0000 0.0000 0.0896 0.1037 7 '00-------0' 0.0417
topTuneBoost_Web_alpha3 3 207 0.0355 0.2000 0.0764 0.1418 0.1364 3 '010--000-1' 0.5000
topTuneBoost_Web_alpha3 3 208 0.0793 0.4000 0.2674 0.1911 0.1223 1 '12000001-1' 1.0000
topTuneBoost_Web_alpha3 3 209 0.0035 0.0000 0.0000 0.0374 0.0118 3 '0000000---' 0.0455
topTuneBoost_Web_alpha3 3 210 0.0137 0.1000 0.0656 0.0919 0.0614 0 '0000000020' 0.1111
topTuneBoost_Web_alpha3 3 211 0.0814 0.6000 0.3356 0.2071 0.1874 3 '-1021311--' 0.5000
topTuneBoost_Web_alpha3 3 212 0.0013 0.0000 0.0000 0.0436 0.0000 6 '-0--0---00' 0.0179
topTuneBoost_Web_alpha3 3 213 0.0464 0.3000 0.2286 0.2005 0.1979 4 '-210-0-10-' 0.5000
topTuneBoost_Web_alpha3 3 214 0.0884 0.6000 0.4311 0.2386 0.2067 4 '11--1-222-' 1.0000
topTuneBoost_Web_alpha3 3 215 0.1930 0.9000 0.5691 0.3359 0.2582 1 '11-1111111' 1.0000
topTuneBoost_Web_alpha3 3 216 0.0740 0.7000 0.3661 0.1966 0.1650 3 '12211-1--2' 1.0000
topTuneBoost_Web_alpha3 3 217 0.0977 0.8000 0.4078 0.1979 0.1559 2 '11-111122-' 1.0000
topTuneBoost_Web_alpha3 3 218 0.0227 0.2000 0.0841 0.1202 0.1177 4 '0001--1-0-' 0.2500
topTuneBoost_Web_alpha3 3 219 0.0002 0.0000 0.0000 0.0141 0.0033 7 '00-----0--' 0.0049
topTuneBoost_Web_alpha3 3 220 0.0029 0.1000 0.0277 0.0534 0.0438 3 '0000--1-00' 0.1429
topTuneBoost_Web_alpha3 3 221 0.0721 0.5000 0.2437 0.1781 0.1914 4 '-210111---' 0.5000
topTuneBoost_Web_alpha3 3 222 0.0912 0.7000 0.2806 0.2045 0.1896 1 '1010-12211' 1.0000
topTuneBoost_Web_alpha3 3 223 0.1290 0.7000 0.4333 0.3196 0.2227 0 '2014411010' 1.0000
topTuneBoost_Web_alpha3 3 224 0.0665 0.3000 0.3603 0.2178 0.1279 1 '20102-0000' 1.0000
topTuneBoost_Web_alpha3 3 225 0.0000 0.0000 0.0000 0.0000 0.0000 6 '0-0-0--0--' 0.0000
topTuneBoost_Web_alpha3 3 226 0.0185 0.1000 0.0347 0.1322 0.1373 3 '0-000-010-' 0.1250
topTuneBoost_Web_alpha3 3 227 0.1375 0.6000 0.5853 0.3492 0.2380 2 '41310403--' 1.0000
topTuneBoost_Web_alpha3 3 228 0.0249 0.2000 0.1270 0.1181 0.1054 3 '0012-000--' 0.3333
topTuneBoost_Web_alpha3 3 229 0.1286 0.6000 0.6840 0.3235 0.2351 1 '2220200-22' 1.0000
topTuneBoost_Web_alpha3 3 230 0.0517 0.4000 0.3315 0.1778 0.1150 3 '1-00--1012' 1.0000
topTuneBoost_Web_alpha3 3 231 0.1153 0.5000 0.2397 0.2620 0.2640 4 '1-11011---' 1.0000
topTuneBoost_Web_alpha3 3 232 0.1144 0.5000 0.6489 0.2704 0.1328 1 '11111000-0' 1.0000
topTuneBoost_Web_alpha3 3 233 0.0602 0.4000 0.4028 0.1877 0.1070 4 '111-01-0--' 1.0000
topTuneBoost_Web_alpha3 3 234 0.0708 0.7000 0.5248 0.2179 0.1667 2 '011111-1-1' 0.5000
topTuneBoost_Web_alpha3 3 235 0.0714 0.1000 0.2996 0.2583 0.0714 5 '20-0----00' 1.0000
topTuneBoost_Web_alpha3 3 236 0.1099 0.7000 0.5803 0.2597 0.1866 3 '11111-1-1-' 1.0000
topTuneBoost_Web_alpha3 3 237 0.0000 0.0000 0.0000 0.0000 0.0000 2 '00000-00-0' 0.0000
topTuneBoost_Web_alpha3 3 238 0.0643 0.3000 0.2544 0.1714 0.1111 3 '012100-0--' 0.5000
topTuneBoost_Web_alpha3 3 239 0.0508 0.5000 0.2447 0.1564 0.1401 2 '01011110--' 0.5000
topTuneBoost_Web_alpha3 3 240 0.0041 0.1000 0.0424 0.0497 0.0547 6 '0--0----02' 0.1000
topTuneBoost_Web_alpha3 3 241 0.0081 0.1000 0.0281 0.0789 0.1151 9 '-------1--' 0.1250
topTuneBoost_Web_alpha3 3 242 0.0030 0.0000 0.0000 0.0481 0.0256 2 '0000-0000-' 0.0667
topTuneBoost_Web_alpha3 3 243 0.0296 0.3000 0.1216 0.1003 0.0914 1 '0001-1.001' 0.2500
topTuneBoost_Web_alpha3 3 244 0.1433 0.3000 0.2274 0.2572 0.2561 4 '011010----' 0.5000
topTuneBoost_Web_alpha3 3 245 0.0018 0.0000 0.0000 0.0227 0.0000 3 '000000---0' 0.0164
topTuneBoost_Web_alpha3 3 246 0.0306 0.2000 0.2259 0.1148 0.0603 3 '21-0--0000' 1.0000
topTuneBoost_Web_alpha3 3 247 0.0417 0.1000 0.1804 0.1121 0.0417 5 '1-0-0---00' 1.0000
topTuneBoost_Web_alpha3 3 248 0.0115 0.1000 0.0572 0.0637 0.0785 4 '0--0-020-0' 0.1429
topTuneBoost_Web_alpha3 3 249 0.0218 0.1000 0.0636 0.1387 0.1606 7 '------0-02' 0.1000
topTuneBoost_Web_alpha3 3 250 0.0063 0.1000 0.0386 0.0295 0.0475 7 '----0--1-0' 0.1250
topTuneBoost_Web_alpha3 3 251 0.0036 0.1000 0.0474 0.0401 0.0329 9 '---1------' 0.2500
topTuneBoost_Web_alpha3 3 252 0.0122 0.2000 0.1009 0.0733 0.0691 4 '-1-01-00-0' 0.5000
topTuneBoost_Web_alpha3 3 253 0.0380 0.4000 0.2131 0.0979 0.0660 5 '111-2-0---' 1.0000
topTuneBoost_Web_alpha3 3 254 0.0001 0.0000 0.0000 0.0092 0.0208 7 '0---0----0' 0.0055
topTuneBoost_Web_alpha3 3 255 0.0061 0.0000 0.0000 0.0387 0.0400 6 '--000---0-' 0.0303
topTuneBoost_Web_alpha3 3 256 0.0410 0.3000 0.1597 0.1203 0.0981 6 '111--0----' 1.0000
topTuneBoost_Web_alpha3 3 257 0.0360 0.3000 0.2097 0.1488 0.1021 5 '0-30---22-' 0.3333
topTuneBoost_Web_alpha3 3 258 0.0085 0.1000 0.0694 0.0416 0.0416 7 '01----0---' 0.5000
topTuneBoost_Web_alpha3 3 259 0.0543 0.4000 0.4149 0.1609 0.0872 2 '1111-00-00' 1.0000
topTuneBoost_Web_alpha3 3 260 0.0006 0.0000 0.0000 0.0241 0.0642 8 '---0-0----' 0.0076
topTuneBoost_Web_alpha3 3 261 0.0020 0.0000 0.0000 0.0353 0.0726 7 '-0-----0-0' 0.0227
topTuneBoost_Web_alpha3 3 262 0.0024 0.1000 0.0575 0.0355 0.0279 8 '---1----0-' 0.2500
topTuneBoost_Web_alpha3 3 263 0.0114 0.3000 0.2175 0.0784 0.0508 5 '-102-1---0' 0.5000
topTuneBoost_Web_alpha3 3 264 0.0071 0.1000 0.0392 0.0669 0.0843 8 '0----1----' 0.1667
topTuneBoost_Web_alpha3 3 265 0.0633 0.3000 0.3504 0.2945 0.1610 4 '004-32-0--' 0.3333
topTuneBoost_Web_alpha3 3 266 0.0112 0.2000 0.2404 0.1154 0.0612 8 '-34-------' 0.5000
topTuneBoost_Web_alpha3 3 267 0.0004 0.0000 0.0000 0.0049 0.0118 10 '----------' 0.0357
topTuneBoost_Web_alpha3 3 268 0.0129 0.2000 0.2146 0.0626 0.0223 6 '2-1-----00' 1.0000
topTuneBoost_Web_alpha3 3 269 0.0093 0.1000 0.1255 0.0942 0.0329 4 '00040----0' 0.2500
topTuneBoost_Web_alpha3 3 270 0.0202 0.1000 0.1866 0.1386 0.1120 9 '2---------' 1.0000
topTuneBoost_Web_alpha3 3 271 0.0048 0.0000 0.0000 0.0320 0.0578 9 '0---------' 0.0714
topTuneBoost_Web_alpha3 3 272 0.0133 0.5000 0.1835 0.0765 0.0686 3 '-0011112--' 0.2500
topTuneBoost_Web_alpha3 3 273 0.1131 0.5000 0.6045 0.3766 0.1694 4 '43-044---4' 1.0000
topTuneBoost_Web_alpha3 3 274 0.0121 0.1000 0.0807 0.0677 0.0739 8 '1--0------' 1.0000
topTuneBoost_Web_alpha3 3 275 0.0000 0.0000 0.0000 0.0000 0.0000 7 '0---0----0' 0.0000
topTuneBoost_Web_alpha3 3 276 0.0105 0.2000 0.1017 0.0545 0.0481 7 '1---1---0-' 1.0000
topTuneBoost_Web_alpha3 3 277 0.0000 0.0000 0.0000 0.0042 0.0130 9 '0---------' 0.0014
topTuneBoost_Web_alpha3 3 278 0.0000 0.0000 0.0000 0.0000 0.0000 4 '-0-0-000-0' 0.0000
topTuneBoost_Web_alpha3 3 279 0.0168 0.1000 0.1614 0.0996 0.0606 8 '2-----0---' 1.0000
topTuneBoost_Web_alpha3 3 280 0.0066 0.1000 0.0330 0.0468 0.0541 9 '------1---' 0.1429
topTuneBoost_Web_alpha3 3 281 0.0135 0.2000 0.1120 0.0770 0.0652 6 '-1-01-0---' 0.5000
topTuneBoost_Web_alpha3 3 282 0.0268 0.3000 0.3585 0.1349 0.0966 5 '1100-1----' 1.0000
topTuneBoost_Web_alpha3 3 283 0.0451 0.4000 0.2131 0.1225 0.0821 4 '111-20-0--' 1.0000
topTuneBoost_Web_alpha3 3 284 0.0215 0.4000 0.2516 0.1216 0.0855 6 '1---3-2-2-' 1.0000
topTuneBoost_Web_alpha3 3 285 0.0231 0.5000 0.3406 0.0982 0.0464 5 '2-12--4--1' 1.0000
topTuneBoost_Web_alpha3 3 286 0.0020 0.0000 0.0000 0.0374 0.0477 9 '-------0--' 0.0625
topTuneBoost_Web_alpha3 3 287 0.0030 0.1000 0.0524 0.0259 0.0208 8 '0-----2---' 0.1429
topTuneBoost_Web_alpha3 3 288 0.0047 0.1000 0.0384 0.0590 0.0618 7 '-0--10----' 0.2000
topTuneBoost_Web_alpha3 3 289 0.0009 0.0000 0.0000 0.0096 0.0190 7 '-00----0--' 0.0417
topTuneBoost_Web_alpha3 3 290 0.0010 0.0000 0.0000 0.0215 0.0222 6 '---000--0-' 0.0303
topTuneBoost_Web_alpha3 3 291 0.0021 0.0000 0.0000 0.0174 0.0372 6 '00-0----0-' 0.0455
topTuneBoost_Web_alpha3 3 292 0.0111 0.2000 0.1228 0.0759 0.0613 8 '--21------' 0.3333
topTuneBoost_Web_alpha3 3 293 0.0010 0.0000 0.0000 0.0334 0.0477 9 '--0-------' 0.0500
topTuneBoost_Web_alpha3 3 294 0.0004 0.0000 0.0000 0.0185 0.0225 8 '0--0------' 0.0172
topTuneBoost_Web_alpha3 3 295 0.0518 0.4000 0.4063 0.1510 0.0699 4 '1221-00---' 1.0000
topTuneBoost_Web_alpha3 3 296 0.0023 0.0000 0.0000 0.0382 0.0362 7 '0--0--0---' 0.0833
topTuneBoost_Web_alpha3 3 297 0.0102 0.2000 0.2373 0.0764 0.0534 7 '1------10-' 1.0000
topTuneBoost_Web_alpha3 3 298 0.0155 0.1000 0.0550 0.1635 0.1287 8 '1----0----' 1.0000
topTuneBoost_Web_alpha3 3 299 0.0000 0.0000 0.0000 0.0000 0.0000 10 '----------' 0.0000
topTuneBoost_Web_alpha3 3 300 0.0013 0.0000 0.0000 0.0148 0.0161 10 '----------' 0.0833
topTuneBoost_Web_alpha4 4 201 0.0458 0.4000 0.1694 0.1418 0.1120 1 '001-011010' 0.3333
topTuneBoost_Web_alpha4 4 202 0.0013 0.0000 0.0000 0.1037 0.0000 0 '0000000000' 0.0013
topTuneBoost_Web_alpha4 4 203 0.0242 0.2000 0.2625 0.1548 0.1251 4 '3----00002' 1.0000
topTuneBoost_Web_alpha4 4 204 0.0313 0.3000 0.1578 0.1429 0.1412 4 '--00-1-301' 0.1667
topTuneBoost_Web_alpha4 4 205 0.0044 0.0000 0.0000 0.0533 0.0864 6 '0-00----0-' 0.0105
topTuneBoost_Web_alpha4 4 206 0.0046 0.0000 0.0000 0.0840 0.0986 7 '00------0-' 0.0357
topTuneBoost_Web_alpha4 4 207 0.0335 0.2000 0.0764 0.1395 0.1367 4 '01--000--1' 0.5000
topTuneBoost_Web_alpha4 4 208 0.0788 0.3000 0.2405 0.1909 0.1229 1 '12000001-0' 1.0000
topTuneBoost_Web_alpha4 4 209 0.0032 0.0000 0.0000 0.0365 0.0059 2 '0000000--0' 0.0417
topTuneBoost_Web_alpha4 4 210 0.0137 0.1000 0.0656 0.0919 0.0621 0 '0000000020' 0.1111
topTuneBoost_Web_alpha4 4 211 0.0691 0.6000 0.3733 0.1996 0.1722 3 '-132101--1' 0.5000
topTuneBoost_Web_alpha4 4 212 0.0012 0.0000 0.0000 0.0431 0.0031 6 '-0--0---00' 0.0185
topTuneBoost_Web_alpha4 4 213 0.0471 0.3000 0.2286 0.2018 0.1984 4 '-210--010-' 0.5000
topTuneBoost_Web_alpha4 4 214 0.0809 0.5000 0.3697 0.2227 0.1946 5 '11-1--22--' 1.0000
topTuneBoost_Web_alpha4 4 215 0.1788 0.8000 0.5100 0.3252 0.2592 2 '1-1111111-' 1.0000
topTuneBoost_Web_alpha4 4 216 0.0709 0.8000 0.4094 0.1951 0.1648 2 '12211-1-13' 1.0000
topTuneBoost_Web_alpha4 4 217 0.0923 0.8000 0.4080 0.1959 0.1557 2 '11-1121-12' 1.0000
topTuneBoost_Web_alpha4 4 218 0.0253 0.3000 0.1184 0.1236 0.1183 3 '00-101--01' 0.2500
topTuneBoost_Web_alpha4 4 219 0.0002 0.0000 0.0000 0.0137 0.0031 7 '0-0----0--' 0.0046
topTuneBoost_Web_alpha4 4 220 0.0030 0.1000 0.0277 0.0548 0.0483 4 '000-0-1--0' 0.1429
topTuneBoost_Web_alpha4 4 221 0.0579 0.4000 0.1969 0.1651 0.1917 4 '-112-0--10' 0.5000
topTuneBoost_Web_alpha4 4 222 0.0907 0.7000 0.2813 0.1962 0.1699 1 '1010-21121' 1.0000
topTuneBoost_Web_alpha4 4 223 0.1234 0.7000 0.4333 0.3175 0.2229 0 '2014411010' 1.0000
topTuneBoost_Web_alpha4 4 224 0.0601 0.4000 0.4050 0.2080 0.1327 3 '2010---022' 1.0000
topTuneBoost_Web_alpha4 4 225 0.0000 0.0000 0.0000 0.0000 0.0000 6 '0---0--00-' 0.0000
topTuneBoost_Web_alpha4 4 226 0.0169 0.1000 0.0318 0.1294 0.1377 3 '0-000--001' 0.1000
topTuneBoost_Web_alpha4 4 227 0.1360 0.6000 0.5765 0.3483 0.2384 2 '4131004-3-' 1.0000
topTuneBoost_Web_alpha4 4 228 0.0275 0.2000 0.1392 0.1235 0.1038 2 '0102-000-0' 0.5000
topTuneBoost_Web_alpha4 4 229 0.1355 0.6000 0.7008 0.3295 0.2362 1 '22220020-2' 1.0000
topTuneBoost_Web_alpha4 4 230 0.0518 0.3000 0.2529 0.1778 0.1141 4 '1-001--01-' 1.0000
topTuneBoost_Web_alpha4 4 231 0.1236 0.5000 0.2426 0.2637 0.2666 4 '1-111-1-0-' 1.0000
topTuneBoost_Web_alpha4 4 232 0.1108 0.5000 0.6489 0.2649 0.1248 1 '1111100-00' 1.0000
topTuneBoost_Web_alpha4 4 233 0.0573 0.4000 0.3879 0.1844 0.1086 4 '11-10-1-0-' 1.0000
topTuneBoost_Web_alpha4 4 234 0.0673 0.7000 0.5280 0.2144 0.1673 2 '0111111--1' 0.5000
topTuneBoost_Web_alpha4 4 235 0.0714 0.1000 0.2996 0.2583 0.0714 5 '20--0-0--0' 1.0000
topTuneBoost_Web_alpha4 4 236 0.1055 0.7000 0.5668 0.2553 0.1872 3 '1111--11-1' 1.0000
topTuneBoost_Web_alpha4 4 237 0.0000 0.0000 0.0000 0.0000 0.0000 2 '0000--0000' 0.0000
topTuneBoost_Web_alpha4 4 238 0.0642 0.3000 0.2544 0.1711 0.1178 4 '012100----' 0.5000
topTuneBoost_Web_alpha4 4 239 0.0596 0.5000 0.2999 0.1766 0.1396 2 '10110110--' 1.0000
topTuneBoost_Web_alpha4 4 240 0.0052 0.1000 0.0489 0.0549 0.0555 6 '0---0-2--0' 0.1429
topTuneBoost_Web_alpha4 4 241 0.0075 0.0000 0.0000 0.0658 0.0873 10 '----------' 0.0714
topTuneBoost_Web_alpha4 4 242 0.0029 0.0000 0.0000 0.0482 0.0256 2 '0000-000-0' 0.0625
topTuneBoost_Web_alpha4 4 243 0.0311 0.3000 0.1251 0.1026 0.0943 1 '00011.-001' 0.2500
topTuneBoost_Web_alpha4 4 244 0.1423 0.3000 0.2274 0.2566 0.2491 4 '011010----' 0.5000
topTuneBoost_Web_alpha4 4 245 0.0010 0.0000 0.0000 0.0199 0.0000 3 '00000-00--' 0.0090
topTuneBoost_Web_alpha4 4 246 0.0316 0.2000 0.2259 0.1156 0.0615 5 '21-0---00-' 1.0000
topTuneBoost_Web_alpha4 4 247 0.0417 0.1000 0.1804 0.1121 0.0417 6 '1-0----00-' 1.0000
topTuneBoost_Web_alpha4 4 248 0.0176 0.1000 0.0739 0.0775 0.0904 8 '0--2------' 0.2500
topTuneBoost_Web_alpha4 4 249 0.0191 0.0000 0.0000 0.1334 0.1622 8 '-------0-0' 0.0909
topTuneBoost_Web_alpha4 4 250 0.0063 0.1000 0.0386 0.0295 0.0475 7 '----0--10-' 0.1250
topTuneBoost_Web_alpha4 4 251 0.0047 0.1000 0.0694 0.0439 0.0331 9 '-1--------' 0.5000
topTuneBoost_Web_alpha4 4 252 0.0083 0.2000 0.0849 0.0633 0.0683 4 '--10-1000-' 0.3333
topTuneBoost_Web_alpha4 4 253 0.0362 0.4000 0.2086 0.0952 0.0660 5 '111--20---' 1.0000
topTuneBoost_Web_alpha4 4 254 0.0000 0.0000 0.0000 0.0035 0.0070 8 '0-----0---' 0.0047
topTuneBoost_Web_alpha4 4 255 0.0059 0.0000 0.0000 0.0384 0.0000 6 '-0-00---0-' 0.0294
topTuneBoost_Web_alpha4 4 256 0.0414 0.4000 0.1847 0.1108 0.0869 5 '111---1--0' 1.0000
topTuneBoost_Web_alpha4 4 257 0.0359 0.3000 0.1890 0.1506 0.1024 5 '-03--012--' 0.3333
topTuneBoost_Web_alpha4 4 258 0.0046 0.1000 0.0474 0.0273 0.0280 7 '0--1-0----' 0.2500
topTuneBoost_Web_alpha4 4 259 0.0507 0.4000 0.4078 0.1571 0.0871 2 '111-10000-' 1.0000
topTuneBoost_Web_alpha4 4 260 0.0003 0.0000 0.0000 0.0207 0.0590 8 '--0-----0-' 0.0045
topTuneBoost_Web_alpha4 4 261 0.0019 0.0000 0.0000 0.0345 0.0748 8 '-0-------0' 0.0175
topTuneBoost_Web_alpha4 4 262 0.0022 0.1000 0.0575 0.0344 0.0279 8 '---1---0--' 0.2500
topTuneBoost_Web_alpha4 4 263 0.0145 0.3000 0.3313 0.1012 0.0385 5 '2-10--01--' 1.0000
topTuneBoost_Web_alpha4 4 264 0.0042 0.1000 0.0426 0.0509 0.0700 8 '0---1-----' 0.2000
topTuneBoost_Web_alpha4 4 265 0.0608 0.3000 0.3504 0.2923 0.1542 4 '004-32-0--' 0.3333
topTuneBoost_Web_alpha4 4 266 0.0090 0.2000 0.2049 0.1058 0.0610 8 '-3---4----' 0.5000
topTuneBoost_Web_alpha4 4 267 0.0002 0.0000 0.0000 0.0040 0.0118 10 '----------' 0.0175
topTuneBoost_Web_alpha4 4 268 0.0128 0.2000 0.2146 0.0623 0.0223 6 '2-1-----00' 1.0000
topTuneBoost_Web_alpha4 4 269 0.0123 0.1000 0.1457 0.1094 0.0343 4 '00400----0' 0.3333
topTuneBoost_Web_alpha4 4 270 0.0191 0.1000 0.1866 0.1272 0.0999 9 '2---------' 1.0000
topTuneBoost_Web_alpha4 4 271 0.0011 0.0000 0.0000 0.0212 0.0533 8 '0--------0' 0.0169
topTuneBoost_Web_alpha4 4 272 0.0144 0.5000 0.1959 0.0793 0.0686 3 '-0111012--' 0.3333
topTuneBoost_Web_alpha4 4 273 0.1113 0.5000 0.6045 0.3748 0.1675 4 '43-044---4' 1.0000
topTuneBoost_Web_alpha4 4 274 0.0118 0.1000 0.0807 0.0636 0.0647 8 '1------0--' 1.0000
topTuneBoost_Web_alpha4 4 275 0.0000 0.0000 0.0000 0.0000 0.0000 7 '0----0---0' 0.0000
topTuneBoost_Web_alpha4 4 276 0.0078 0.2000 0.0830 0.0366 0.0342 7 '-11--0----' 0.5000
topTuneBoost_Web_alpha4 4 277 0.0000 0.0000 0.0000 0.0000 0.0000 7 '0------0-0' 0.0000
topTuneBoost_Web_alpha4 4 278 0.0000 0.0000 0.0000 0.0000 0.0000 4 '-0--00-000' 0.0000
topTuneBoost_Web_alpha4 4 279 0.0154 0.1000 0.1614 0.0974 0.0606 9 '2---------' 1.0000
topTuneBoost_Web_alpha4 4 280 0.0055 0.1000 0.0287 0.0440 0.0541 9 '---------1' 0.1000
topTuneBoost_Web_alpha4 4 281 0.0122 0.2000 0.1024 0.0726 0.0653 6 '--110--0--' 0.3333
topTuneBoost_Web_alpha4 4 282 0.0247 0.4000 0.4161 0.1291 0.0922 4 '11001----1' 1.0000
topTuneBoost_Web_alpha4 4 283 0.0417 0.4000 0.2086 0.1166 0.0820 4 '111-02--0-' 1.0000
topTuneBoost_Web_alpha4 4 284 0.0207 0.3000 0.2251 0.1208 0.0854 7 '1-2--3----' 1.0000
topTuneBoost_Web_alpha4 4 285 0.0186 0.4000 0.2987 0.0907 0.0460 6 '2-1---2-4-' 1.0000
topTuneBoost_Web_alpha4 4 286 0.0022 0.1000 0.0592 0.0352 0.0398 8 '-----2--0-' 0.1667
topTuneBoost_Web_alpha4 4 287 0.0016 0.0000 0.0000 0.0204 0.0204 8 '0------0--' 0.0769
topTuneBoost_Web_alpha4 4 288 0.0042 0.1000 0.0384 0.0574 0.0618 7 '-0--1--0--' 0.2000
topTuneBoost_Web_alpha4 4 289 0.0009 0.0000 0.0000 0.0139 0.0344 6 '-00----0-0' 0.0385
topTuneBoost_Web_alpha4 4 290 0.0006 0.0000 0.0000 0.0190 0.0211 6 '---000--0-' 0.0189
topTuneBoost_Web_alpha4 4 291 0.0013 0.0000 0.0000 0.0152 0.0372 6 '00----0-0-' 0.0286
topTuneBoost_Web_alpha4 4 292 0.0084 0.1000 0.0858 0.0697 0.0583 9 '--2-------' 0.3333
topTuneBoost_Web_alpha4 4 293 0.0009 0.0000 0.0000 0.0292 0.0399 8 '--0---0---' 0.0357
topTuneBoost_Web_alpha4 4 294 0.0004 0.0000 0.0000 0.0188 0.0225 8 '--00------' 0.0192
topTuneBoost_Web_alpha4 4 295 0.0501 0.4000 0.4015 0.1498 0.0699 4 '122-1-00--' 1.0000
topTuneBoost_Web_alpha4 4 296 0.0011 0.0000 0.0000 0.0329 0.0361 6 '-00----00-' 0.0625
topTuneBoost_Web_alpha4 4 297 0.0090 0.2000 0.2325 0.0724 0.0533 7 '1--0-----1' 1.0000
topTuneBoost_Web_alpha4 4 298 0.0134 0.1000 0.0550 0.1658 0.1350 8 '1---0-----' 1.0000
topTuneBoost_Web_alpha4 4 299 0.0000 0.0000 0.0000 0.0000 0.0000 10 '----------' 0.0000
topTuneBoost_Web_alpha4 4 300 0.0015 0.0000 0.0000 0.0153 0.0161 10 '----------' 0.0909
topTuneBoost_Web_alpha5 5 201 0.0422 0.4000 0.1615 0.1350 0.1076 1 '00-1011010' 0.2500
topTuneBoost_Web_alpha5 5 202 0.0054 0.0000 0.0000 0.1325 0.0000 0 '0000000000' 0.0054
topTuneBoost_Web_alpha5 5 203 0.0243 0.2000 0.2422 0.1524 0.1203 5 '3----0001-' 1.0000
topTuneBoost_Web_alpha5 5 204 0.0296 0.3000 0.1567 0.1404 0.1408 4 '--0-0-1310' 0.1429
topTuneBoost_Web_alpha5 5 205 0.0022 0.0000 0.0000 0.0475 0.0800 6 '--0-0--00-' 0.0074
topTuneBoost_Web_alpha5 5 206 0.0041 0.0000 0.0000 0.0820 0.0984 7 '0-0-----0-' 0.0286
topTuneBoost_Web_alpha5 5 207 0.0306 0.2000 0.0950 0.1360 0.1370 4 '0--1-2000-' 0.2500
topTuneBoost_Web_alpha5 5 208 0.0779 0.3000 0.2724 0.1972 0.1216 1 '21000-0001' 1.0000
topTuneBoost_Web_alpha5 5 209 0.0027 0.0000 0.0000 0.0345 0.0059 2 '000000-0-0' 0.0345
topTuneBoost_Web_alpha5 5 210 0.0138 0.1000 0.0630 0.0911 0.0636 0 '0000000002' 0.1000
topTuneBoost_Web_alpha5 5 211 0.0505 0.5000 0.3485 0.1846 0.1668 4 '-132110---' 0.5000
topTuneBoost_Web_alpha5 5 212 0.0010 0.0000 0.0000 0.0412 0.0031 7 '-0--0----0' 0.0164
topTuneBoost_Web_alpha5 5 213 0.0488 0.3000 0.2286 0.2046 0.2002 4 '-210--010-' 0.5000
topTuneBoost_Web_alpha5 5 214 0.0751 0.6000 0.4028 0.2171 0.1903 4 '11-1--221-' 1.0000
topTuneBoost_Web_alpha5 5 215 0.1643 0.7000 0.4582 0.3173 0.2595 3 '1-111-11-1' 1.0000
topTuneBoost_Web_alpha5 5 216 0.0656 0.7000 0.3817 0.1830 0.1509 3 '12112-1-3-' 1.0000
topTuneBoost_Web_alpha5 5 217 0.0855 0.8000 0.4729 0.2059 0.1556 2 '211-11-112' 1.0000
topTuneBoost_Web_alpha5 5 218 0.0278 0.4000 0.1752 0.1309 0.1193 3 '01-0-101-1' 0.5000
topTuneBoost_Web_alpha5 5 219 0.0001 0.0000 0.0000 0.0133 0.0025 6 '--00---00-' 0.0042
topTuneBoost_Web_alpha5 5 220 0.0027 0.1000 0.0250 0.0543 0.0523 5 '000-0---1-' 0.1111
topTuneBoost_Web_alpha5 5 221 0.0436 0.5000 0.1992 0.1288 0.1389 4 '-1-012--11' 0.5000
topTuneBoost_Web_alpha5 5 222 0.0918 0.6000 0.2409 0.1966 0.1697 2 '10110-211-' 1.0000
topTuneBoost_Web_alpha5 5 223 0.1136 0.7000 0.4333 0.3045 0.2061 1 '201441101-' 1.0000
topTuneBoost_Web_alpha5 5 224 0.0461 0.2000 0.2627 0.1920 0.1327 4 '2--0100-0-' 1.0000
topTuneBoost_Web_alpha5 5 225 0.0000 0.0000 0.0000 0.0000 0.0000 7 '0-----0--0' 0.0000
topTuneBoost_Web_alpha5 5 226 0.0163 0.0000 0.0000 0.1284 0.1366 4 '0-000---00' 0.0833
topTuneBoost_Web_alpha5 5 227 0.1297 0.6000 0.5744 0.3445 0.2388 2 '4131003-4-' 1.0000
topTuneBoost_Web_alpha5 5 228 0.0299 0.2000 0.1522 0.1284 0.1069 2 '0120-0000-' 0.5000
topTuneBoost_Web_alpha5 5 229 0.1413 0.6000 0.7126 0.3338 0.2366 1 '22222000-2' 1.0000
topTuneBoost_Web_alpha5 5 230 0.0495 0.3000 0.2511 0.1803 0.1312 4 '1-001---01' 1.0000
topTuneBoost_Web_alpha5 5 231 0.1263 0.5000 0.2446 0.2568 0.2530 5 '1-1111----' 1.0000
topTuneBoost_Web_alpha5 5 232 0.1014 0.5000 0.6332 0.2556 0.1196 1 '111100-100' 1.0000
topTuneBoost_Web_alpha5 5 233 0.0598 0.5000 0.4356 0.1859 0.1125 3 '11--1101-0' 1.0000
topTuneBoost_Web_alpha5 5 234 0.0622 0.7000 0.5302 0.2002 0.1522 2 '0111111-1-' 0.5000
topTuneBoost_Web_alpha5 5 235 0.0714 0.1000 0.2996 0.2583 0.0714 6 '20---00---' 1.0000
topTuneBoost_Web_alpha5 5 236 0.0955 0.7000 0.5681 0.2480 0.1861 3 '1111-1--11' 1.0000
topTuneBoost_Web_alpha5 5 237 0.0000 0.0000 0.0000 0.0000 0.0000 3 '000-0-000-' 0.0000
topTuneBoost_Web_alpha5 5 238 0.0641 0.3000 0.2544 0.1707 0.1200 4 '012100----' 0.5000
topTuneBoost_Web_alpha5 5 239 0.0651 0.5000 0.3061 0.1759 0.1340 2 '10111100--' 1.0000
topTuneBoost_Web_alpha5 5 240 0.0050 0.1000 0.0489 0.0530 0.0509 6 '0---0-2-0-' 0.1429
topTuneBoost_Web_alpha5 5 241 0.0079 0.0000 0.0000 0.0663 0.0876 10 '----------' 0.0714
topTuneBoost_Web_alpha5 5 242 0.0029 0.0000 0.0000 0.0383 0.0256 2 '0000-0-000' 0.0625
topTuneBoost_Web_alpha5 5 243 0.0312 0.3000 0.1251 0.1031 0.0946 1 '00011.-001' 0.2500
topTuneBoost_Web_alpha5 5 244 0.1376 0.3000 0.2274 0.2538 0.2457 4 '011010----' 0.5000
topTuneBoost_Web_alpha5 5 245 0.0003 0.0000 0.0000 0.0161 0.0000 2 '0000-000-0' 0.0030
topTuneBoost_Web_alpha5 5 246 0.0328 0.3000 0.2529 0.1165 0.0626 6 '21---0-1--' 1.0000
topTuneBoost_Web_alpha5 5 247 0.0208 0.1000 0.1138 0.0707 0.0417 5 '-1--0--000' 0.5000
topTuneBoost_Web_alpha5 5 248 0.0193 0.1000 0.0858 0.0845 0.0939 8 '-02-------' 0.3333
topTuneBoost_Web_alpha5 5 249 0.0195 0.0000 0.0000 0.1302 0.1668 10 '----------' 0.0667
topTuneBoost_Web_alpha5 5 250 0.0056 0.1000 0.0368 0.0282 0.0450 7 '----0--01-' 0.1111
topTuneBoost_Web_alpha5 5 251 0.0046 0.1000 0.0694 0.0442 0.0331 9 '-1--------' 0.5000
topTuneBoost_Web_alpha5 5 252 0.0046 0.1000 0.0384 0.0499 0.0604 8 '--0-1-----' 0.2000
topTuneBoost_Web_alpha5 5 253 0.0351 0.4000 0.2086 0.0916 0.0598 5 '111--20---' 1.0000
topTuneBoost_Web_alpha5 5 254 0.0000 0.0000 0.0000 0.0032 0.0070 8 '0------0--' 0.0026
topTuneBoost_Web_alpha5 5 255 0.0056 0.0000 0.0000 0.0378 0.0000 6 '-0--00---0' 0.0278
topTuneBoost_Web_alpha5 5 256 0.0421 0.4000 0.1864 0.0989 0.0761 6 '111--1----' 1.0000
topTuneBoost_Web_alpha5 5 257 0.0379 0.4000 0.3153 0.1654 0.1026 4 '-3-1-0-204' 0.5000
topTuneBoost_Web_alpha5 5 258 0.0038 0.1000 0.0426 0.0253 0.0280 7 '0---10----' 0.2000
topTuneBoost_Web_alpha5 5 259 0.0458 0.4000 0.3962 0.1510 0.0867 2 '111-00010-' 1.0000
topTuneBoost_Web_alpha5 5 260 0.0001 0.0000 0.0000 0.0068 0.0312 9 '--0-------' 0.0018
topTuneBoost_Web_alpha5 5 261 0.0012 0.0000 0.0000 0.0308 0.0703 8 '-0-------0' 0.0091
topTuneBoost_Web_alpha5 5 262 0.0020 0.1000 0.0575 0.0332 0.0279 8 '---1-----0' 0.2500
topTuneBoost_Web_alpha5 5 263 0.0113 0.2000 0.2773 0.0946 0.0384 6 '2--001----' 1.0000
topTuneBoost_Web_alpha5 5 264 0.0026 0.1000 0.0367 0.0244 0.0282 7 '0--.--1---' 0.1429
topTuneBoost_Web_alpha5 5 265 0.0557 0.3000 0.3414 0.2820 0.1542 4 '004-2-30--' 0.3333
topTuneBoost_Web_alpha5 5 266 0.0078 0.2000 0.1883 0.1001 0.0610 8 '-3-------4' 0.5000
topTuneBoost_Web_alpha5 5 267 0.0001 0.0000 0.0000 0.0035 0.0116 10 '----------' 0.0093
topTuneBoost_Web_alpha5 5 268 0.0128 0.2000 0.2146 0.0618 0.0223 6 '2-1-----00' 1.0000
topTuneBoost_Web_alpha5 5 269 0.0123 0.1000 0.1457 0.1094 0.0343 4 '0040--0-0-' 0.3333
topTuneBoost_Web_alpha5 5 270 0.0184 0.1000 0.1866 0.1248 0.1001 9 '2---------' 1.0000
topTuneBoost_Web_alpha5 5 271 0.0001 0.0000 0.0000 0.0138 0.0444 8 '0-------0-' 0.0019
topTuneBoost_Web_alpha5 5 272 0.0144 0.5000 0.1959 0.0792 0.0685 3 '-0111012--' 0.3333
topTuneBoost_Web_alpha5 5 273 0.1092 0.5000 0.6045 0.3725 0.1675 4 '43-044---4' 1.0000
topTuneBoost_Web_alpha5 5 274 0.0065 0.1000 0.0509 0.0514 0.0649 8 '-1------0-' 0.5000
topTuneBoost_Web_alpha5 5 275 0.0000 0.0000 0.0000 0.0000 0.0000 7 '0----00---' 0.0000
topTuneBoost_Web_alpha5 5 276 0.0046 0.2000 0.0707 0.0271 0.0245 7 '-1-0--1---' 0.5000
topTuneBoost_Web_alpha5 5 277 0.0000 0.0000 0.0000 0.0000 0.0000 8 '0---0-----' 0.0000
topTuneBoost_Web_alpha5 5 278 0.0000 0.0000 0.0000 0.0000 0.0000 5 '-0--00-00-' 0.0000
topTuneBoost_Web_alpha5 5 279 0.0146 0.1000 0.1614 0.0961 0.0605 9 '2---------' 1.0000
topTuneBoost_Web_alpha5 5 280 0.0048 0.0000 0.0000 0.0393 0.0488 10 '----------' 0.0667
topTuneBoost_Web_alpha5 5 281 0.0115 0.2000 0.1024 0.0715 0.0653 6 '--110----0' 0.3333
topTuneBoost_Web_alpha5 5 282 0.0196 0.3000 0.3719 0.1168 0.0874 5 '1101---0--' 1.0000
topTuneBoost_Web_alpha5 5 283 0.0373 0.4000 0.1987 0.1055 0.0720 4 '111--0-0-2' 1.0000
topTuneBoost_Web_alpha5 5 284 0.0196 0.2000 0.1930 0.1237 0.0854 8 '21--------' 1.0000
topTuneBoost_Web_alpha5 5 285 0.0142 0.2000 0.1610 0.0831 0.0458 8 '2----1----' 1.0000
topTuneBoost_Web_alpha5 5 286 0.0021 0.1000 0.0643 0.0304 0.0241 9 '----2-----' 0.2000
topTuneBoost_Web_alpha5 5 287 0.0009 0.0000 0.0000 0.0165 0.0199 7 '0--0-----0' 0.0400
topTuneBoost_Web_alpha5 5 288 0.0039 0.1000 0.0427 0.0557 0.0618 7 '--01----0-' 0.2500
topTuneBoost_Web_alpha5 5 289 0.0009 0.0000 0.0000 0.0143 0.0353 6 '--00--0-0-' 0.0385
topTuneBoost_Web_alpha5 5 290 0.0001 0.0000 0.0000 0.0131 0.0200 6 '---000-0--' 0.0032
topTuneBoost_Web_alpha5 5 291 0.0010 0.0000 0.0000 0.0141 0.0372 6 '00-----00-' 0.0217
topTuneBoost_Web_alpha5 5 292 0.0062 0.1000 0.0739 0.0641 0.0583 9 '---2------' 0.2500
topTuneBoost_Web_alpha5 5 293 0.0007 0.0000 0.0000 0.0268 0.0398 8 '-0-0------' 0.0476
topTuneBoost_Web_alpha5 5 294 0.0004 0.0000 0.0000 0.0162 0.0188 8 '--00------' 0.0164
topTuneBoost_Web_alpha5 5 295 0.0500 0.4000 0.4015 0.1492 0.0700 4 '122-1---00' 1.0000
topTuneBoost_Web_alpha5 5 296 0.0006 0.0000 0.0000 0.0260 0.0300 8 '-00-------' 0.0345
topTuneBoost_Web_alpha5 5 297 0.0085 0.2000 0.2325 0.0605 0.0357 7 '1-0------1' 1.0000
topTuneBoost_Web_alpha5 5 298 0.0115 0.1000 0.0550 0.1245 0.0969 8 '1---0-----' 1.0000
topTuneBoost_Web_alpha5 5 299 0.0000 0.0000 0.0000 0.0000 0.0000 10 '----------' 0.0000
topTuneBoost_Web_alpha5 5 300 0.0015 0.0000 0.0000 0.0153 0.0161 10 '----------' 0.0909
topTuneBoost_Web_alpha6 6 201 0.0395 0.4000 0.1615 0.1306 0.1033 1 '00-1011010' 0.2500
topTuneBoost_Web_alpha6 6 202 0.0091 0.0000 0.0000 0.1472 0.0000 0 '0000000000' 0.0091
topTuneBoost_Web_alpha6 6 203 0.0241 0.2000 0.2485 0.1447 0.1040 5 '3---1--000' 1.0000
topTuneBoost_Web_alpha6 6 204 0.0268 0.3000 0.1567 0.1369 0.1404 5 '---00-131-' 0.1429
topTuneBoost_Web_alpha6 6 205 0.0007 0.0000 0.0000 0.0337 0.0569 8 '-----0--0-' 0.0052
topTuneBoost_Web_alpha6 6 206 0.0038 0.0000 0.0000 0.0810 0.0984 6 '-00-----00' 0.0256
topTuneBoost_Web_alpha6 6 207 0.0287 0.2000 0.0950 0.1334 0.1374 4 '0--1-2000-' 0.2500
topTuneBoost_Web_alpha6 6 208 0.0761 0.3000 0.2724 0.1823 0.1144 1 '210-000001' 1.0000
topTuneBoost_Web_alpha6 6 209 0.0021 0.0000 0.0000 0.0325 0.0000 2 '000000-0-0' 0.0278
topTuneBoost_Web_alpha6 6 210 0.0136 0.0000 0.0000 0.0898 0.0636 0 '0000000000' 0.0909
topTuneBoost_Web_alpha6 6 211 0.0359 0.5000 0.3435 0.1696 0.1612 5 '-132-11---' 0.5000
topTuneBoost_Web_alpha6 6 212 0.0010 0.0000 0.0000 0.0403 0.0062 7 '-0--0----0' 0.0152
topTuneBoost_Web_alpha6 6 213 0.0475 0.3000 0.2286 0.2033 0.2008 4 '-210--010-' 0.5000
topTuneBoost_Web_alpha6 6 214 0.0677 0.6000 0.4028 0.2061 0.1820 4 '11-1--221-' 1.0000
topTuneBoost_Web_alpha6 6 215 0.1452 0.6000 0.4070 0.3057 0.2597 4 '1-1-1111--' 1.0000
topTuneBoost_Web_alpha6 6 216 0.0595 0.7000 0.3657 0.1657 0.1266 3 '11122--13-' 1.0000
topTuneBoost_Web_alpha6 6 217 0.0808 0.8000 0.4781 0.1987 0.1493 2 '2111-1-121' 1.0000
topTuneBoost_Web_alpha6 6 218 0.0299 0.4000 0.2177 0.1406 0.1195 3 '1-00-110-1' 1.0000
topTuneBoost_Web_alpha6 6 219 0.0001 0.0000 0.0000 0.0127 0.0022 6 '--000----0' 0.0034
topTuneBoost_Web_alpha6 6 220 0.0022 0.0000 0.0000 0.0527 0.0554 5 '00-00---0-' 0.0833
topTuneBoost_Web_alpha6 6 221 0.0362 0.4000 0.1628 0.1145 0.1262 5 '-10-1---12' 0.5000
topTuneBoost_Web_alpha6 6 222 0.0887 0.6000 0.2651 0.1963 0.1695 2 '101102-1-2' 1.0000
topTuneBoost_Web_alpha6 6 223 0.1027 0.7000 0.4333 0.2930 0.1944 1 '201441101-' 1.0000
topTuneBoost_Web_alpha6 6 224 0.0366 0.2000 0.2519 0.1722 0.1231 5 '2---00--01' 1.0000
topTuneBoost_Web_alpha6 6 225 0.0000 0.0000 0.0000 0.0000 0.0000 8 '0------0--' 0.0000
topTuneBoost_Web_alpha6 6 226 0.0148 0.1000 0.0318 0.1264 0.1350 5 '0-000----1' 0.1000
topTuneBoost_Web_alpha6 6 227 0.1202 0.5000 0.5000 0.3257 0.2232 3 '413103-0--' 1.0000
topTuneBoost_Web_alpha6 6 228 0.0287 0.2000 0.1522 0.1140 0.0837 3 '0120-000--' 0.5000
topTuneBoost_Web_alpha6 6 229 0.1412 0.6000 0.7126 0.3336 0.2366 1 '22222000-2' 1.0000
topTuneBoost_Web_alpha6 6 230 0.0441 0.3000 0.2529 0.1659 0.1166 5 '1-001---1-' 1.0000
topTuneBoost_Web_alpha6 6 231 0.1217 0.6000 0.2714 0.2519 0.2539 4 '1-111-11--' 1.0000
topTuneBoost_Web_alpha6 6 232 0.0662 0.4000 0.4920 0.2194 0.1125 2 '110-0-0101' 1.0000
topTuneBoost_Web_alpha6 6 233 0.0586 0.5000 0.4332 0.1796 0.1088 4 '11--110-1-' 1.0000
topTuneBoost_Web_alpha6 6 234 0.0554 0.7000 0.5280 0.1899 0.1471 2 '0111111--1' 0.5000
topTuneBoost_Web_alpha6 6 235 0.0357 0.1000 0.1891 0.1630 0.0714 6 '-20--00---' 0.5000
topTuneBoost_Web_alpha6 6 236 0.0832 0.6000 0.5166 0.2266 0.1630 3 '111-11-10-' 1.0000
topTuneBoost_Web_alpha6 6 237 0.0000 0.0000 0.0000 0.0000 0.0000 5 '00-0---0-0' 0.0000
topTuneBoost_Web_alpha6 6 238 0.0808 0.3000 0.2999 0.1995 0.1233 4 '10210-0---' 1.0000
topTuneBoost_Web_alpha6 6 239 0.0728 0.5000 0.3290 0.1845 0.1335 3 '1110110---' 1.0000
topTuneBoost_Web_alpha6 6 240 0.0037 0.1000 0.0489 0.0484 0.0509 6 '0---0-2-0-' 0.1429
topTuneBoost_Web_alpha6 6 241 0.0069 0.0000 0.0000 0.0641 0.0874 10 '----------' 0.0714
topTuneBoost_Web_alpha6 6 242 0.0026 0.0000 0.0000 0.0377 0.0256 4 '000-0-00--' 0.0526
topTuneBoost_Web_alpha6 6 243 0.0335 0.3000 0.1301 0.1063 0.0965 1 '00011.1-00' 0.2500
topTuneBoost_Web_alpha6 6 244 0.1355 0.3000 0.2274 0.2525 0.2526 4 '011010----' 0.5000
topTuneBoost_Web_alpha6 6 245 0.0001 0.0000 0.0000 0.0141 0.0000 3 '000-000--0' 0.0013
topTuneBoost_Web_alpha6 6 246 0.0326 0.3000 0.2529 0.1159 0.0628 6 '21-----1-0' 1.0000
topTuneBoost_Web_alpha6 6 247 0.0139 0.1000 0.0902 0.0561 0.0417 5 '--1-00-0-0' 0.3333
topTuneBoost_Web_alpha6 6 248 0.0118 0.1000 0.0612 0.0655 0.0939 8 '-----2-0--' 0.1667
topTuneBoost_Web_alpha6 6 249 0.0192 0.0000 0.0000 0.1284 0.1679 10 '----------' 0.0667
topTuneBoost_Web_alpha6 6 250 0.0056 0.1000 0.0368 0.0282 0.0450 7 '----0--01-' 0.1111
topTuneBoost_Web_alpha6 6 251 0.0045 0.1000 0.0694 0.0440 0.0331 9 '-1--------' 0.5000
topTuneBoost_Web_alpha6 6 252 0.0023 0.0000 0.0000 0.0410 0.0597 9 '--0-------' 0.0556
topTuneBoost_Web_alpha6 6 253 0.0344 0.4000 0.2086 0.0899 0.0598 5 '111--20---' 1.0000
topTuneBoost_Web_alpha6 6 254 0.0000 0.0000 0.0000 0.0029 0.0070 8 '0------0--' 0.0014
topTuneBoost_Web_alpha6 6 255 0.0054 0.0000 0.0000 0.0375 0.0000 7 '-0--00----' 0.0270
topTuneBoost_Web_alpha6 6 256 0.0326 0.4000 0.1664 0.0796 0.0559 6 '1-1-1-1---' 1.0000
topTuneBoost_Web_alpha6 6 257 0.0389 0.4000 0.3212 0.1648 0.1029 5 '-13--4-20-' 0.5000
topTuneBoost_Web_alpha6 6 258 0.0037 0.1000 0.0426 0.0250 0.0280 7 '0---10----' 0.2000
topTuneBoost_Web_alpha6 6 259 0.0432 0.4000 0.3919 0.1440 0.0782 2 '111--00001' 1.0000
topTuneBoost_Web_alpha6 6 260 0.0000 0.0000 0.0000 0.0063 0.0312 9 '---0------' 0.0010
topTuneBoost_Web_alpha6 6 261 0.0009 0.0000 0.0000 0.0290 0.0658 9 '--0-------' 0.0069
topTuneBoost_Web_alpha6 6 262 0.0014 0.1000 0.0516 0.0293 0.0280 9 '----1-----' 0.2000
topTuneBoost_Web_alpha6 6 263 0.0104 0.2000 0.2725 0.0925 0.0384 6 '20---0-1--' 1.0000
topTuneBoost_Web_alpha6 6 264 0.0011 0.0000 0.0000 0.0187 0.0282 8 '0-.-------' 0.0588
topTuneBoost_Web_alpha6 6 265 0.0476 0.3000 0.3271 0.2625 0.1247 4 '0040-2--3-' 0.3333
topTuneBoost_Web_alpha6 6 266 0.0072 0.1000 0.1169 0.0978 0.0610 9 '-3--------' 0.5000
topTuneBoost_Web_alpha6 6 267 0.0001 0.0000 0.0000 0.0033 0.0116 10 '----------' 0.0072
topTuneBoost_Web_alpha6 6 268 0.0127 0.2000 0.2146 0.0591 0.0153 6 '2-1----0-0' 1.0000
topTuneBoost_Web_alpha6 6 269 0.0123 0.1000 0.1457 0.1094 0.0343 4 '0040--0-0-' 0.3333
topTuneBoost_Web_alpha6 6 270 0.0176 0.1000 0.1866 0.1147 0.0875 9 '2---------' 1.0000
topTuneBoost_Web_alpha6 6 271 0.0000 0.0000 0.0000 0.0000 0.0000 9 '0---------' 0.0000
topTuneBoost_Web_alpha6 6 272 0.0172 0.5000 0.2403 0.0890 0.0685 3 '1-011021--' 1.0000
topTuneBoost_Web_alpha6 6 273 0.1048 0.4000 0.5347 0.3665 0.1663 5 '43-044----' 1.0000
topTuneBoost_Web_alpha6 6 274 0.0063 0.1000 0.0509 0.0415 0.0473 9 '-1--------' 0.5000
topTuneBoost_Web_alpha6 6 275 0.0000 0.0000 0.0000 0.0000 0.0000 7 '0---0-0---' 0.0000
topTuneBoost_Web_alpha6 6 276 0.0023 0.1000 0.0367 0.0207 0.0243 8 '--1--0----' 0.3333
topTuneBoost_Web_alpha6 6 277 0.0000 0.0000 0.0000 0.0000 0.0000 8 '0-0-------' 0.0000
topTuneBoost_Web_alpha6 6 278 0.0000 0.0000 0.0000 0.0000 0.0000 7 '-0--0---0-' 0.0000
topTuneBoost_Web_alpha6 6 279 0.0139 0.1000 0.1614 0.0946 0.0605 9 '2---------' 1.0000
topTuneBoost_Web_alpha6 6 280 0.0044 0.0000 0.0000 0.0339 0.0434 10 '----------' 0.0556
topTuneBoost_Web_alpha6 6 281 0.0110 0.2000 0.1024 0.0703 0.0654 7 '--110-----' 0.3333
topTuneBoost_Web_alpha6 6 282 0.0151 0.3000 0.3483 0.0954 0.0681 6 '1011------' 1.0000
topTuneBoost_Web_alpha6 6 283 0.0340 0.3000 0.1563 0.0945 0.0618 5 '111-----00' 1.0000
topTuneBoost_Web_alpha6 6 284 0.0186 0.2000 0.1930 0.1199 0.0853 7 '21------0-' 1.0000
topTuneBoost_Web_alpha6 6 285 0.0111 0.1000 0.1367 0.0750 0.0415 9 '2---------' 1.0000
topTuneBoost_Web_alpha6 6 286 0.0024 0.1000 0.0716 0.0291 0.0162 9 '---2------' 0.2500
topTuneBoost_Web_alpha6 6 287 0.0002 0.0000 0.0000 0.0109 0.0195 7 '0--0-0----' 0.0071
topTuneBoost_Web_alpha6 6 288 0.0040 0.1000 0.0496 0.0431 0.0344 7 '--1-0---0-' 0.3333
topTuneBoost_Web_alpha6 6 289 0.0009 0.0000 0.0000 0.0145 0.0362 6 '--00-0--0-' 0.0370
topTuneBoost_Web_alpha6 6 290 0.0000 0.0000 0.0000 0.0000 0.0000 5 '---00000--' 0.0000
topTuneBoost_Web_alpha6 6 291 0.0006 0.0000 0.0000 0.0128 0.0372 6 '00-----00-' 0.0143
topTuneBoost_Web_alpha6 6 292 0.0044 0.0000 0.0000 0.0570 0.0583 10 '----------' 0.0714
topTuneBoost_Web_alpha6 6 293 0.0006 0.0000 0.0000 0.0209 0.0318 8 '-0--0-----' 0.0625
topTuneBoost_Web_alpha6 6 294 0.0005 0.0000 0.0000 0.0165 0.0188 8 '--00------' 0.0161
topTuneBoost_Web_alpha6 6 295 0.0463 0.4000 0.3863 0.1428 0.0700 5 '12-21----0' 1.0000
topTuneBoost_Web_alpha6 6 296 0.0003 0.0000 0.0000 0.0204 0.0240 6 '--0..0----' 0.0179
topTuneBoost_Web_alpha6 6 297 0.0085 0.2000 0.2347 0.0569 0.0298 7 '1-0-----1-' 1.0000
topTuneBoost_Web_alpha6 6 298 0.0101 0.1000 0.0550 0.1013 0.0715 8 '1----0----' 1.0000
topTuneBoost_Web_alpha6 6 299 0.0000 0.0000 0.0000 0.0000 0.0000 10 '----------' 0.0000
topTuneBoost_Web_alpha6 6 300 0.0016 0.1000 0.0368 0.0158 0.0161 9 '---------1' 0.1000
topTuneBoost_Web_alpha7 7 201 0.0376 0.4000 0.1615 0.1291 0.1034 1 '00-1011010' 0.2500
topTuneBoost_Web_alpha7 7 202 0.0625 0.0000 0.0000 0.2447 0.0000 0 '0000000000' 0.0625
topTuneBoost_Web_alpha7 7 203 0.0246 0.3000 0.2729 0.1446 0.1046 5 '3---1-1-00' 1.0000
topTuneBoost_Web_alpha7 7 204 0.0248 0.3000 0.1591 0.1350 0.1400 5 '---00-31-1' 0.1429
topTuneBoost_Web_alpha7 7 205 0.0001 0.0000 0.0000 0.0146 0.0214 8 '-------00-' 0.0031
topTuneBoost_Web_alpha7 7 206 0.0034 0.0000 0.0000 0.0740 0.0884 6 '-000-----0' 0.0244
topTuneBoost_Web_alpha7 7 207 0.0249 0.2000 0.0939 0.1130 0.1193 4 '0---21000-' 0.2000
topTuneBoost_Web_alpha7 7 208 0.0754 0.3000 0.2724 0.1820 0.1137 1 '210-000001' 1.0000
topTuneBoost_Web_alpha7 7 209 0.0017 0.0000 0.0000 0.0305 0.0000 2 '000000-0-0' 0.0217
topTuneBoost_Web_alpha7 7 210 0.0141 0.0000 0.0000 0.0905 0.0650 0 '0000000000' 0.0909
topTuneBoost_Web_alpha7 7 211 0.0209 0.2000 0.1988 0.1484 0.1610 8 '-13-------' 0.5000
topTuneBoost_Web_alpha7 7 212 0.0007 0.0000 0.0000 0.0239 0.0062 7 '-0--0----0' 0.0123
topTuneBoost_Web_alpha7 7 213 0.0474 0.3000 0.2286 0.2032 0.2017 4 '-210--010-' 0.5000
topTuneBoost_Web_alpha7 7 214 0.0617 0.6000 0.4028 0.1959 0.1699 4 '11-1--221-' 1.0000
topTuneBoost_Web_alpha7 7 215 0.1237 0.6000 0.4070 0.2905 0.2519 4 '1-1-1111--' 1.0000
topTuneBoost_Web_alpha7 7 216 0.0554 0.8000 0.4081 0.1546 0.1128 2 '11122--132' 1.0000
topTuneBoost_Web_alpha7 7 217 0.0722 0.7000 0.4490 0.1920 0.1494 3 '2111--112-' 1.0000
topTuneBoost_Web_alpha7 7 218 0.0301 0.4000 0.2272 0.1407 0.1198 3 '1-010-1-10' 1.0000
topTuneBoost_Web_alpha7 7 219 0.0001 0.0000 0.0000 0.0124 0.0017 7 '--000-----' 0.0029
topTuneBoost_Web_alpha7 7 220 0.0015 0.0000 0.0000 0.0500 0.0566 5 '00-00----0' 0.0526
topTuneBoost_Web_alpha7 7 221 0.0302 0.3000 0.1096 0.1049 0.1176 6 '-10--1---1' 0.5000
topTuneBoost_Web_alpha7 7 222 0.0826 0.5000 0.2163 0.1923 0.1688 2 '10110-2-01' 1.0000
topTuneBoost_Web_alpha7 7 223 0.0929 0.7000 0.4333 0.2823 0.1826 1 '201441101-' 1.0000
topTuneBoost_Web_alpha7 7 224 0.0321 0.1000 0.2201 0.1651 0.1249 6 '2---0--0-0' 1.0000
topTuneBoost_Web_alpha7 7 225 0.0000 0.0000 0.0000 0.0000 0.0000 9 '0---------' 0.0000
topTuneBoost_Web_alpha7 7 226 0.0133 0.0000 0.0000 0.1233 0.1346 6 '0-000-----' 0.0909
topTuneBoost_Web_alpha7 7 227 0.1168 0.5000 0.4909 0.3144 0.2076 3 '411303-0--' 1.0000
topTuneBoost_Web_alpha7 7 228 0.0284 0.2000 0.1522 0.1079 0.0728 3 '012-0000--' 0.5000
topTuneBoost_Web_alpha7 7 229 0.1412 0.6000 0.7126 0.3337 0.2373 1 '22222000-2' 1.0000
topTuneBoost_Web_alpha7 7 230 0.0406 0.2000 0.2143 0.1586 0.1175 6 '1-010-----' 1.0000
topTuneBoost_Web_alpha7 7 231 0.1125 0.5000 0.2396 0.2446 0.2539 5 '1-111---1-' 1.0000
topTuneBoost_Web_alpha7 7 232 0.0332 0.2000 0.2985 0.1529 0.0884 4 '10--0100--' 1.0000
topTuneBoost_Web_alpha7 7 233 0.0566 0.4000 0.3808 0.1777 0.1104 4 '11--1-10-0' 1.0000
topTuneBoost_Web_alpha7 7 234 0.0504 0.6000 0.4759 0.1747 0.1312 3 '0111111---' 0.5000
topTuneBoost_Web_alpha7 7 235 0.0357 0.1000 0.1891 0.1630 0.0714 6 '-20--0-0--' 0.5000
topTuneBoost_Web_alpha7 7 236 0.0723 0.6000 0.4964 0.2125 0.1547 3 '11-11-011-' 1.0000
topTuneBoost_Web_alpha7 7 237 0.0000 0.0000 0.0000 0.0000 0.0000 5 '00---0--00' 0.0000
topTuneBoost_Web_alpha7 7 238 0.0724 0.3000 0.2907 0.1934 0.1222 5 '102-01----' 1.0000
topTuneBoost_Web_alpha7 7 239 0.0722 0.5000 0.3290 0.1742 0.1189 3 '1110110---' 1.0000
topTuneBoost_Web_alpha7 7 240 0.0023 0.1000 0.0442 0.0387 0.0411 6 '-0----0-20' 0.1111
topTuneBoost_Web_alpha7 7 241 0.0064 0.0000 0.0000 0.0591 0.0784 10 '----------' 0.0714
topTuneBoost_Web_alpha7 7 242 0.0024 0.0000 0.0000 0.0367 0.0240 4 '000--00-0-' 0.0476
topTuneBoost_Web_alpha7 7 243 0.0316 0.3000 0.1301 0.1046 0.0968 1 '00011.1-00' 0.2500
topTuneBoost_Web_alpha7 7 244 0.1205 0.3000 0.2228 0.2421 0.2491 3 '011-01-0-0' 0.5000
topTuneBoost_Web_alpha7 7 245 0.0000 0.0000 0.0000 0.0000 0.0000 3 '00-00--000' 0.0000
topTuneBoost_Web_alpha7 7 246 0.0319 0.3000 0.2517 0.1148 0.0632 7 '21------1-' 1.0000
topTuneBoost_Web_alpha7 7 247 0.0083 0.1000 0.0698 0.0434 0.0382 5 '--001-0--0' 0.2000
topTuneBoost_Web_alpha7 7 248 0.0120 0.1000 0.0612 0.0649 0.0951 9 '-----2----' 0.1667
topTuneBoost_Web_alpha7 7 249 0.0198 0.1000 0.0347 0.1292 0.1694 9 '-------1--' 0.1250
topTuneBoost_Web_alpha7 7 250 0.0050 0.1000 0.0353 0.0271 0.0450 7 '----0--0-1' 0.1000
topTuneBoost_Web_alpha7 7 251 0.0043 0.1000 0.0694 0.0435 0.0331 9 '-1--------' 0.5000
topTuneBoost_Web_alpha7 7 252 0.0014 0.0000 0.0000 0.0270 0.0376 9 '---0------' 0.0417
topTuneBoost_Web_alpha7 7 253 0.0332 0.4000 0.2052 0.0844 0.0535 5 '111--02---' 1.0000
topTuneBoost_Web_alpha7 7 254 0.0000 0.0000 0.0000 0.0000 0.0000 8 '0--------0' 0.0000
topTuneBoost_Web_alpha7 7 255 0.0053 0.0000 0.0000 0.0372 0.0000 7 '-0--00----' 0.0263
topTuneBoost_Web_alpha7 7 256 0.0171 0.4000 0.1043 0.0518 0.0559 6 '----1111--' 0.2000
topTuneBoost_Web_alpha7 7 257 0.0364 0.4000 0.3493 0.1626 0.0940 5 '-143---20-' 0.5000
topTuneBoost_Web_alpha7 7 258 0.0030 0.1000 0.0392 0.0231 0.0278 7 '0---01----' 0.1667
topTuneBoost_Web_alpha7 7 259 0.0309 0.3000 0.2529 0.1173 0.0781 3 '-111-0000-' 0.5000
topTuneBoost_Web_alpha7 7 260 0.0000 0.0000 0.0000 0.0000 0.0000 9 '---0------' 0.0000
topTuneBoost_Web_alpha7 7 261 0.0006 0.0000 0.0000 0.0275 0.0635 9 '--0-------' 0.0057
topTuneBoost_Web_alpha7 7 262 0.0009 0.1000 0.0445 0.0183 0.0141 9 '------1---' 0.1429
topTuneBoost_Web_alpha7 7 263 0.0067 0.2000 0.1856 0.0685 0.0383 6 '02----01--' 0.5000
topTuneBoost_Web_alpha7 7 264 0.0004 0.0000 0.0000 0.0149 0.0282 8 '0.--------' 0.0204
topTuneBoost_Web_alpha7 7 265 0.0425 0.2000 0.2412 0.2543 0.1247 5 '0040--2---' 0.3333
topTuneBoost_Web_alpha7 7 266 0.0053 0.1000 0.0717 0.0863 0.0609 9 '----3-----' 0.2000
topTuneBoost_Web_alpha7 7 267 0.0001 0.0000 0.0000 0.0032 0.0116 10 '----------' 0.0056
topTuneBoost_Web_alpha7 7 268 0.0127 0.2000 0.2146 0.0591 0.0153 6 '2-1--0---0' 1.0000
topTuneBoost_Web_alpha7 7 269 0.0123 0.1000 0.1457 0.1094 0.0343 4 '0040--0-0-' 0.3333
topTuneBoost_Web_alpha7 7 270 0.0097 0.1000 0.1177 0.0826 0.0875 9 '-2--------' 0.5000
topTuneBoost_Web_alpha7 7 271 0.0000 0.0000 0.0000 0.0000 0.0000 9 '0---------' 0.0000
topTuneBoost_Web_alpha7 7 272 0.0168 0.5000 0.2391 0.0867 0.0643 3 '1-01102-1-' 1.0000
topTuneBoost_Web_alpha7 7 273 0.1028 0.4000 0.5347 0.3523 0.1463 4 '43-0440---' 1.0000
topTuneBoost_Web_alpha7 7 274 0.0044 0.1000 0.0403 0.0369 0.0471 9 '--1-------' 0.3333
topTuneBoost_Web_alpha7 7 275 0.0000 0.0000 0.0000 0.0000 0.0000 6 '0---0-0--0' 0.0000
topTuneBoost_Web_alpha7 7 276 0.0013 0.1000 0.0284 0.0172 0.0241 8 '----1---0-' 0.2000
topTuneBoost_Web_alpha7 7 277 0.0000 0.0000 0.0000 0.0000 0.0000 8 '00--------' 0.0000
topTuneBoost_Web_alpha7 7 278 0.0000 0.0000 0.0000 0.0000 0.0000 8 '-0--0-----' 0.0000
topTuneBoost_Web_alpha7 7 279 0.0135 0.1000 0.1614 0.0938 0.0603 9 '2---------' 1.0000
topTuneBoost_Web_alpha7 7 280 0.0036 0.0000 0.0000 0.0300 0.0380 10 '----------' 0.0500
topTuneBoost_Web_alpha7 7 281 0.0089 0.2000 0.0900 0.0608 0.0562 7 '---110----' 0.2500
topTuneBoost_Web_alpha7 7 282 0.0132 0.3000 0.3483 0.0820 0.0536 6 '1011------' 1.0000
topTuneBoost_Web_alpha7 7 283 0.0212 0.3000 0.1146 0.0700 0.0516 6 '-111-----0' 0.5000
topTuneBoost_Web_alpha7 7 284 0.0165 0.3000 0.2079 0.1014 0.0599 6 '2-1---1--0' 1.0000
topTuneBoost_Web_alpha7 7 285 0.0090 0.1000 0.1367 0.0703 0.0412 9 '2---------' 1.0000
topTuneBoost_Web_alpha7 7 286 0.0022 0.1000 0.0716 0.0282 0.0162 9 '---2------' 0.2500
topTuneBoost_Web_alpha7 7 287 0.0000 0.0000 0.0000 0.0086 0.0195 7 '0-0-0-----' 0.0019
topTuneBoost_Web_alpha7 7 288 0.0038 0.1000 0.0496 0.0418 0.0344 7 '--1---0--0' 0.3333
topTuneBoost_Web_alpha7 7 289 0.0009 0.0000 0.0000 0.0145 0.0367 7 '--00--0---' 0.0370
topTuneBoost_Web_alpha7 7 290 0.0000 0.0000 0.0000 0.0000 0.0000 5 '--0-0000--' 0.0000
topTuneBoost_Web_alpha7 7 291 0.0003 0.0000 0.0000 0.0106 0.0372 6 '00-----0-0' 0.0060
topTuneBoost_Web_alpha7 7 292 0.0036 0.0000 0.0000 0.0542 0.0583 10 '----------' 0.0385
topTuneBoost_Web_alpha7 7 293 0.0006 0.0000 0.0000 0.0156 0.0238 8 '-0----0---' 0.0714
topTuneBoost_Web_alpha7 7 294 0.0004 0.0000 0.0000 0.0165 0.0188 8 '--00------' 0.0192
topTuneBoost_Web_alpha7 7 295 0.0471 0.4000 0.3863 0.1427 0.0700 6 '12-21-----' 1.0000
topTuneBoost_Web_alpha7 7 296 0.0002 0.0000 0.0000 0.0186 0.0239 6 '..--0---0-' 0.0119
topTuneBoost_Web_alpha7 7 297 0.0082 0.2000 0.2325 0.0529 0.0239 7 '1-0------1' 1.0000
topTuneBoost_Web_alpha7 7 298 0.0033 0.1000 0.0213 0.0705 0.0586 8 '----1-0---' 0.2000
topTuneBoost_Web_alpha7 7 299 0.0000 0.0000 0.0000 0.0000 0.0000 10 '----------' 0.0000
topTuneBoost_Web_alpha7 7 300 0.0016 0.1000 0.0368 0.0158 0.0161 9 '---------1' 0.1000
topTuneBoost_Web_alpha8 8 201 0.0357 0.4000 0.1615 0.1275 0.1034 1 '00-1011010' 0.2500
topTuneBoost_Web_alpha8 8 202 0.0769 0.0000 0.0000 0.2626 0.0000 0 '0000000000' 0.0769
topTuneBoost_Web_alpha8 8 203 0.0254 0.4000 0.3195 0.1464 0.1049 5 '3---1-2-10' 1.0000
topTuneBoost_Web_alpha8 8 204 0.0220 0.3000 0.1523 0.1218 0.1267 5 '---00--311' 0.1250
topTuneBoost_Web_alpha8 8 205 0.0001 0.0000 0.0000 0.0126 0.0206 8 '-------00-' 0.0012
topTuneBoost_Web_alpha8 8 206 0.0032 0.0000 0.0000 0.0703 0.0833 7 '-000------' 0.0227
topTuneBoost_Web_alpha8 8 207 0.0223 0.2000 0.0939 0.1097 0.1196 4 '0---21000-' 0.2000
topTuneBoost_Web_alpha8 8 208 0.0760 0.3000 0.2724 0.1825 0.1137 1 '210-000001' 1.0000
topTuneBoost_Web_alpha8 8 209 0.0013 0.0000 0.0000 0.0288 0.0000 2 '000000--00' 0.0172
topTuneBoost_Web_alpha8 8 210 0.0138 0.0000 0.0000 0.0900 0.0643 0 '0000000000' 0.0909
topTuneBoost_Web_alpha8 8 211 0.0150 0.2000 0.1988 0.1332 0.1507 8 '-13-------' 0.5000
topTuneBoost_Web_alpha8 8 212 0.0006 0.0000 0.0000 0.0230 0.0062 7 '-0--0----0' 0.0103
topTuneBoost_Web_alpha8 8 213 0.0467 0.3000 0.2286 0.1937 0.1853 4 '-210--010-' 0.5000
topTuneBoost_Web_alpha8 8 214 0.0578 0.6000 0.4020 0.1906 0.1657 4 '11-1-2--12' 1.0000
topTuneBoost_Web_alpha8 8 215 0.1059 0.6000 0.4050 0.2795 0.2520 4 '1-1-111-1-' 1.0000
topTuneBoost_Web_alpha8 8 216 0.0483 0.8000 0.4081 0.1477 0.1092 2 '11122--132' 1.0000
topTuneBoost_Web_alpha8 8 217 0.0613 0.7000 0.4331 0.1752 0.1367 3 '21-1-11-21' 1.0000
topTuneBoost_Web_alpha8 8 218 0.0281 0.4000 0.2298 0.1279 0.1019 4 '1-01-10-1-' 1.0000
topTuneBoost_Web_alpha8 8 219 0.0001 0.0000 0.0000 0.0121 0.0017 7 '------00-0' 0.0026
topTuneBoost_Web_alpha8 8 220 0.0010 0.0000 0.0000 0.0469 0.0566 6 '00-0-0----' 0.0263
topTuneBoost_Web_alpha8 8 221 0.0252 0.3000 0.1076 0.0978 0.1132 6 '-10---1--1' 0.5000
topTuneBoost_Web_alpha8 8 222 0.0796 0.5000 0.2146 0.1897 0.1685 2 '1011-0021-' 1.0000
topTuneBoost_Web_alpha8 8 223 0.0829 0.7000 0.4325 0.2725 0.1769 1 '20144110-1' 1.0000
topTuneBoost_Web_alpha8 8 224 0.0155 0.1000 0.1389 0.1206 0.1255 8 '-2---0----' 0.5000
topTuneBoost_Web_alpha8 8 225 0.0000 0.0000 0.0000 0.0000 0.0000 9 '0---------' 0.0000
topTuneBoost_Web_alpha8 8 226 0.0120 0.0000 0.0000 0.1166 0.1300 6 '00-00-----' 0.0833
topTuneBoost_Web_alpha8 8 227 0.1046 0.5000 0.4823 0.2891 0.1556 3 '411033--0-' 1.0000
topTuneBoost_Web_alpha8 8 228 0.0279 0.2000 0.1522 0.1062 0.0744 3 '0120-0-00-' 0.5000
topTuneBoost_Web_alpha8 8 229 0.1368 0.5000 0.6489 0.3279 0.2282 2 '22222000--' 1.0000
topTuneBoost_Web_alpha8 8 230 0.0376 0.2000 0.2143 0.1515 0.1175 6 '1-010-----' 1.0000
topTuneBoost_Web_alpha8 8 231 0.1148 0.5000 0.2505 0.2465 0.2539 5 '11-11----1' 1.0000
topTuneBoost_Web_alpha8 8 232 0.0244 0.1000 0.2201 0.1299 0.0766 4 '1-0-0-00-0' 1.0000
topTuneBoost_Web_alpha8 8 233 0.0576 0.4000 0.3879 0.1790 0.1106 4 '11-1--10-0' 1.0000
topTuneBoost_Web_alpha8 8 234 0.0460 0.6000 0.4759 0.1599 0.1155 3 '0111111---' 0.5000
topTuneBoost_Web_alpha8 8 235 0.0357 0.1000 0.1891 0.1630 0.0714 6 '-2-0--00--' 0.5000
topTuneBoost_Web_alpha8 8 236 0.0613 0.5000 0.4269 0.1939 0.1382 4 '11-0-111--' 1.0000
topTuneBoost_Web_alpha8 8 237 0.0000 0.0000 0.0000 0.0000 0.0000 7 '00----0---' 0.0000
topTuneBoost_Web_alpha8 8 238 0.0602 0.2000 0.2468 0.1826 0.1211 7 '102-------' 1.0000
topTuneBoost_Web_alpha8 8 239 0.0720 0.5000 0.3290 0.1738 0.1184 3 '1110110---' 1.0000
topTuneBoost_Web_alpha8 8 240 0.0014 0.0000 0.0000 0.0331 0.0411 9 '-0--------' 0.0476
topTuneBoost_Web_alpha8 8 241 0.0061 0.0000 0.0000 0.0551 0.0690 10 '----------' 0.0714
topTuneBoost_Web_alpha8 8 242 0.0022 0.0000 0.0000 0.0361 0.0224 4 '00-0-00-0-' 0.0455
topTuneBoost_Web_alpha8 8 243 0.0305 0.3000 0.1379 0.1054 0.0968 1 '00101.1-00' 0.3333
topTuneBoost_Web_alpha8 8 244 0.0749 0.2000 0.1394 0.1960 0.2422 4 '0-11---000' 0.3333
topTuneBoost_Web_alpha8 8 245 0.0000 0.0000 0.0000 0.0000 0.0000 4 '00-0-0-0-0' 0.0000
topTuneBoost_Web_alpha8 8 246 0.0288 0.2000 0.2259 0.1108 0.0632 8 '21--------' 1.0000
topTuneBoost_Web_alpha8 8 247 0.0083 0.1000 0.0698 0.0434 0.0382 5 '--001-0--0' 0.2000
topTuneBoost_Web_alpha8 8 248 0.0100 0.1000 0.0572 0.0600 0.0951 9 '------2---' 0.1429
topTuneBoost_Web_alpha8 8 249 0.0178 0.1000 0.0347 0.1262 0.1694 9 '-------1--' 0.1250
topTuneBoost_Web_alpha8 8 250 0.0042 0.0000 0.0000 0.0253 0.0450 8 '----0--0--' 0.0833
topTuneBoost_Web_alpha8 8 251 0.0042 0.1000 0.0694 0.0432 0.0331 9 '-1--------' 0.5000
topTuneBoost_Web_alpha8 8 252 0.0011 0.0000 0.0000 0.0184 0.0228 9 '-----0----' 0.0250
topTuneBoost_Web_alpha8 8 253 0.0320 0.4000 0.2026 0.0827 0.0535 5 '111--0-2--' 1.0000
topTuneBoost_Web_alpha8 8 254 0.0000 0.0000 0.0000 0.0000 0.0000 8 '0--------0' 0.0000
topTuneBoost_Web_alpha8 8 255 0.0051 0.0000 0.0000 0.0370 0.0000 7 '-0---00---' 0.0256
topTuneBoost_Web_alpha8 8 256 0.0097 0.1000 0.0290 0.0436 0.0559 9 '----1-----' 0.2000
topTuneBoost_Web_alpha8 8 257 0.0423 0.4000 0.5006 0.2107 0.0849 6 '41-3----2-' 1.0000
topTuneBoost_Web_alpha8 8 258 0.0022 0.1000 0.0347 0.0207 0.0278 7 '0---0--1--' 0.1250
topTuneBoost_Web_alpha8 8 259 0.0287 0.3000 0.2529 0.1138 0.0780 3 '-111-0000-' 0.5000
topTuneBoost_Web_alpha8 8 260 0.0000 0.0000 0.0000 0.0000 0.0000 9 '---0------' 0.0000
topTuneBoost_Web_alpha8 8 261 0.0005 0.0000 0.0000 0.0266 0.0612 9 '--0-------' 0.0050
topTuneBoost_Web_alpha8 8 262 0.0008 0.1000 0.0421 0.0126 0.0095 9 '-------1--' 0.1250
topTuneBoost_Web_alpha8 8 263 0.0049 0.1000 0.1177 0.0579 0.0383 7 '0-2-----0-' 0.3333
topTuneBoost_Web_alpha8 8 264 0.0002 0.0000 0.0000 0.0124 0.0282 8 '0.--------' 0.0070
topTuneBoost_Web_alpha8 8 265 0.0289 0.1000 0.1809 0.2285 0.1247 6 '0040------' 0.3333
topTuneBoost_Web_alpha8 8 266 0.0049 0.1000 0.0717 0.0850 0.0609 9 '----3-----' 0.2000
topTuneBoost_Web_alpha8 8 267 0.0000 0.0000 0.0000 0.0029 0.0116 10 '----------' 0.0033
topTuneBoost_Web_alpha8 8 268 0.0127 0.2000 0.2146 0.0591 0.0153 6 '2-1--0---0' 1.0000
topTuneBoost_Web_alpha8 8 269 0.0123 0.1000 0.1457 0.1094 0.0343 4 '0040--0-0-' 0.3333
topTuneBoost_Web_alpha8 8 270 0.0093 0.1000 0.1177 0.0775 0.0746 9 '-2--------' 0.5000
topTuneBoost_Web_alpha8 8 271 0.0000 0.0000 0.0000 0.0000 0.0000 9 '0---------' 0.0000
topTuneBoost_Web_alpha8 8 272 0.0163 0.4000 0.2133 0.0861 0.0643 4 '1-01102---' 1.0000
topTuneBoost_Web_alpha8 8 273 0.0896 0.4000 0.4981 0.3328 0.1444 4 '403-044---' 1.0000
topTuneBoost_Web_alpha8 8 274 0.0026 0.1000 0.0287 0.0320 0.0470 9 '-----1----' 0.1667
topTuneBoost_Web_alpha8 8 275 0.0000 0.0000 0.0000 0.0000 0.0000 7 '-0--0-0---' 0.0000
topTuneBoost_Web_alpha8 8 276 0.0004 0.0000 0.0000 0.0112 0.0193 10 '----------' 0.0455
topTuneBoost_Web_alpha8 8 277 0.0000 0.0000 0.0000 0.0000 0.0000 8 '0-0-------' 0.0000
topTuneBoost_Web_alpha8 8 278 0.0000 0.0000 0.0000 0.0000 0.0000 8 '-0------0-' 0.0000
topTuneBoost_Web_alpha8 8 279 0.0132 0.1000 0.1614 0.0931 0.0603 9 '2---------' 1.0000
topTuneBoost_Web_alpha8 8 280 0.0029 0.0000 0.0000 0.0284 0.0380 10 '----------' 0.0455
topTuneBoost_Web_alpha8 8 281 0.0086 0.2000 0.0900 0.0512 0.0470 7 '---110----' 0.2500
topTuneBoost_Web_alpha8 8 282 0.0106 0.3000 0.3223 0.0728 0.0489 6 '10-1-1----' 1.0000
topTuneBoost_Web_alpha8 8 283 0.0126 0.3000 0.0861 0.0558 0.0516 7 '---111----' 0.2500
topTuneBoost_Web_alpha8 8 284 0.0162 0.3000 0.2095 0.1003 0.0599 7 '2-1--1----' 1.0000
topTuneBoost_Web_alpha8 8 285 0.0070 0.1000 0.1367 0.0646 0.0409 9 '2---------' 1.0000
topTuneBoost_Web_alpha8 8 286 0.0017 0.1000 0.0643 0.0252 0.0161 9 '----2-----' 0.2000
topTuneBoost_Web_alpha8 8 287 0.0000 0.0000 0.0000 0.0000 0.0000 7 '0-0---0---' 0.0000
topTuneBoost_Web_alpha8 8 288 0.0034 0.1000 0.0496 0.0393 0.0344 7 '--1----0-0' 0.3333
topTuneBoost_Web_alpha8 8 289 0.0009 0.0000 0.0000 0.0144 0.0367 7 '---00-0---' 0.0345
topTuneBoost_Web_alpha8 8 290 0.0000 0.0000 0.0000 0.0000 0.0000 5 '--0-0000--' 0.0000
topTuneBoost_Web_alpha8 8 291 0.0001 0.0000 0.0000 0.0086 0.0372 7 '00-----0--' 0.0018
topTuneBoost_Web_alpha8 8 292 0.0032 0.0000 0.0000 0.0526 0.0583 10 '----------' 0.0233
topTuneBoost_Web_alpha8 8 293 0.0007 0.0000 0.0000 0.0154 0.0238 8 '-0------0-' 0.0769
topTuneBoost_Web_alpha8 8 294 0.0004 0.0000 0.0000 0.0167 0.0188 8 '---00-----' 0.0278
topTuneBoost_Web_alpha8 8 295 0.0430 0.4000 0.3575 0.1326 0.0700 6 '1-221-----' 1.0000
topTuneBoost_Web_alpha8 8 296 0.0001 0.0000 0.0000 0.0142 0.0179 7 '..--0-----' 0.0050
topTuneBoost_Web_alpha8 8 297 0.0082 0.2000 0.2325 0.0528 0.0239 7 '1-0------1' 1.0000
topTuneBoost_Web_alpha8 8 298 0.0018 0.1000 0.0159 0.0469 0.0326 8 '-----0---1' 0.1000
topTuneBoost_Web_alpha8 8 299 0.0000 0.0000 0.0000 0.0000 0.0000 10 '----------' 0.0000
topTuneBoost_Web_alpha8 8 300 0.0016 0.1000 0.0368 0.0158 0.0161 9 '---------1' 0.1000
topTuneBoost_Web_alpha9 9 201 0.0349 0.4000 0.1602 0.1265 0.1034 1 '0-01011001' 0.2500
topTuneBoost_Web_alpha9 9 202 0.1111 0.1000 0.3010 0.3010 0.0000 1 '000000004-' 0.1111
topTuneBoost_Web_alpha9 9 203 0.0292 0.4000 0.3609 0.1542 0.1050 6 '32---1--1-' 1.0000
topTuneBoost_Web_alpha9 9 204 0.0197 0.2000 0.1182 0.1125 0.1130 5 '---00--031' 0.1111
topTuneBoost_Web_alpha9 9 205 0.0000 0.0000 0.0000 0.0000 0.0000 9 '---------0' 0.0000
topTuneBoost_Web_alpha9 9 206 0.0029 0.0000 0.0000 0.0693 0.0833 7 '-0-00-----' 0.0222
topTuneBoost_Web_alpha9 9 207 0.0175 0.2000 0.0939 0.0986 0.1098 4 '-0--21000-' 0.2000
topTuneBoost_Web_alpha9 9 208 0.0760 0.3000 0.2724 0.1825 0.1137 1 '210-000001' 1.0000
topTuneBoost_Web_alpha9 9 209 0.0011 0.0000 0.0000 0.0278 0.0000 3 '-00000-0-0' 0.0149
topTuneBoost_Web_alpha9 9 210 0.0129 0.0000 0.0000 0.0888 0.0643 0 '0000000000' 0.0909
topTuneBoost_Web_alpha9 9 211 0.0127 0.2000 0.1988 0.1189 0.1245 8 '-13-------' 0.5000
topTuneBoost_Web_alpha9 9 212 0.0005 0.0000 0.0000 0.0223 0.0062 7 '-0--0----0' 0.0089
topTuneBoost_Web_alpha9 9 213 0.0459 0.3000 0.2286 0.1929 0.1850 4 '-210--010-' 0.5000
topTuneBoost_Web_alpha9 9 214 0.0541 0.6000 0.3681 0.1867 0.1656 4 '11-1--211-' 1.0000
topTuneBoost_Web_alpha9 9 215 0.0921 0.5000 0.3569 0.2693 0.2520 5 '1-1-1-11--' 1.0000
topTuneBoost_Web_alpha9 9 216 0.0453 0.7000 0.3586 0.1425 0.1057 3 '1112-2-1-3' 1.0000
topTuneBoost_Web_alpha9 9 217 0.0542 0.6000 0.4039 0.1604 0.1175 4 '21-1-11--2' 1.0000
topTuneBoost_Web_alpha9 9 218 0.0266 0.4000 0.2284 0.1220 0.0958 4 '1-01-10--1' 1.0000
topTuneBoost_Web_alpha9 9 219 0.0001 0.0000 0.0000 0.0118 0.0014 7 '------00-0' 0.0022
topTuneBoost_Web_alpha9 9 220 0.0007 0.0000 0.0000 0.0446 0.0568 6 '00-0-0----' 0.0110
topTuneBoost_Web_alpha9 9 221 0.0218 0.3000 0.1076 0.0906 0.1043 6 '-10---1--1' 0.5000
topTuneBoost_Web_alpha9 9 222 0.0760 0.5000 0.2113 0.1869 0.1685 2 '101-10021-' 1.0000
topTuneBoost_Web_alpha9 9 223 0.0731 0.6000 0.4140 0.2540 0.1649 1 '20144110-0' 1.0000
topTuneBoost_Web_alpha9 9 224 0.0143 0.1000 0.1389 0.1163 0.1255 8 '-2---0----' 0.5000
topTuneBoost_Web_alpha9 9 225 0.0000 0.0000 0.0000 0.0000 0.0000 9 '0---------' 0.0000
topTuneBoost_Web_alpha9 9 226 0.0115 0.0000 0.0000 0.1070 0.1265 6 '00-00-----' 0.0833
topTuneBoost_Web_alpha9 9 227 0.0969 0.5000 0.4823 0.2781 0.1552 4 '411033----' 1.0000
topTuneBoost_Web_alpha9 9 228 0.0240 0.2000 0.1392 0.0926 0.0610 6 '0102------' 0.5000
topTuneBoost_Web_alpha9 9 229 0.1320 0.5000 0.6489 0.3246 0.2282 2 '22222000--' 1.0000
topTuneBoost_Web_alpha9 9 230 0.0365 0.2000 0.2143 0.1480 0.1170 6 '1-010-----' 1.0000
topTuneBoost_Web_alpha9 9 231 0.1114 0.5000 0.2505 0.2373 0.2384 5 '11-11----1' 1.0000
topTuneBoost_Web_alpha9 9 232 0.0051 0.1000 0.0851 0.0703 0.0681 6 '-0-010----' 0.2000
topTuneBoost_Web_alpha9 9 233 0.0620 0.5000 0.4502 0.1833 0.1108 4 '111---110-' 1.0000
topTuneBoost_Web_alpha9 9 234 0.0411 0.6000 0.4685 0.1511 0.1101 3 '01111-11--' 0.5000
topTuneBoost_Web_alpha9 9 235 0.0238 0.1000 0.1498 0.1292 0.0714 6 '--20--00--' 0.3333
topTuneBoost_Web_alpha9 9 236 0.0520 0.4000 0.3483 0.1815 0.1380 5 '1-011-1---' 1.0000
topTuneBoost_Web_alpha9 9 237 0.0000 0.0000 0.0000 0.0000 0.0000 7 '00------0-' 0.0000
topTuneBoost_Web_alpha9 9 238 0.0528 0.2000 0.2297 0.1691 0.1211 7 '10-2------' 1.0000
topTuneBoost_Web_alpha9 9 239 0.0749 0.5000 0.3340 0.1758 0.1188 4 '111101----' 1.0000
topTuneBoost_Web_alpha9 9 240 0.0007 0.0000 0.0000 0.0268 0.0361 9 '----0-----' 0.0167
topTuneBoost_Web_alpha9 9 241 0.0058 0.0000 0.0000 0.0543 0.0692 10 '----------' 0.0714
topTuneBoost_Web_alpha9 9 242 0.0021 0.0000 0.0000 0.0355 0.0288 4 '00-0-0-00-' 0.0435
topTuneBoost_Web_alpha9 9 243 0.0316 0.3000 0.1527 0.1045 0.0857 3 '01001.1---' 0.5000
topTuneBoost_Web_alpha9 9 244 0.0466 0.2000 0.1113 0.1469 0.2215 5 '0---11-00-' 0.2000
topTuneBoost_Web_alpha9 9 245 0.0000 0.0000 0.0000 0.0000 0.0000 5 '00--00---0' 0.0000
topTuneBoost_Web_alpha9 9 246 0.0171 0.1000 0.1717 0.0931 0.0519 9 '2---------' 1.0000
topTuneBoost_Web_alpha9 9 247 0.0083 0.1000 0.0698 0.0434 0.0382 5 '--001-0--0' 0.2000
topTuneBoost_Web_alpha9 9 248 0.0081 0.1000 0.0517 0.0494 0.0678 9 '--------2-' 0.1111
topTuneBoost_Web_alpha9 9 249 0.0161 0.1000 0.0347 0.1150 0.1570 9 '-------1--' 0.1250
topTuneBoost_Web_alpha9 9 250 0.0038 0.0000 0.0000 0.0246 0.0450 8 '----0---0-' 0.0769
topTuneBoost_Web_alpha9 9 251 0.0038 0.1000 0.0694 0.0415 0.0331 9 '-1--------' 0.5000
topTuneBoost_Web_alpha9 9 252 0.0010 0.0000 0.0000 0.0181 0.0229 9 '-----0----' 0.0233
topTuneBoost_Web_alpha9 9 253 0.0302 0.3000 0.1563 0.0801 0.0535 6 '111--0----' 1.0000
topTuneBoost_Web_alpha9 9 254 0.0000 0.0000 0.0000 0.0000 0.0000 9 '0---------' 0.0000
topTuneBoost_Web_alpha9 9 255 0.0049 0.0000 0.0000 0.0365 0.0000 9 '-0--------' 0.0244
topTuneBoost_Web_alpha9 9 256 0.0040 0.1000 0.0236 0.0337 0.0559 9 '-------1--' 0.1250
topTuneBoost_Web_alpha9 9 257 0.0369 0.4000 0.4905 0.1972 0.0662 6 '41--3---2-' 1.0000
topTuneBoost_Web_alpha9 9 258 0.0018 0.1000 0.0347 0.0183 0.0278 7 '0----0-1--' 0.1250
topTuneBoost_Web_alpha9 9 259 0.0266 0.3000 0.2529 0.1060 0.0695 3 '-11100-00-' 0.5000
topTuneBoost_Web_alpha9 9 260 0.0000 0.0000 0.0000 0.0000 0.0000 9 '---0------' 0.0000
topTuneBoost_Web_alpha9 9 261 0.0005 0.0000 0.0000 0.0261 0.0612 9 '--0-------' 0.0046
topTuneBoost_Web_alpha9 9 262 0.0007 0.1000 0.0386 0.0119 0.0095 9 '---------1' 0.1000
topTuneBoost_Web_alpha9 9 263 0.0042 0.1000 0.1177 0.0459 0.0193 8 '0-2-------' 0.3333
topTuneBoost_Web_alpha9 9 264 0.0000 0.0000 0.0000 0.0049 0.0141 8 '.--0------' 0.0012
topTuneBoost_Web_alpha9 9 265 0.0174 0.1000 0.1809 0.1942 0.1247 6 '0040------' 0.3333
topTuneBoost_Web_alpha9 9 266 0.0040 0.1000 0.0618 0.0774 0.0530 9 '------3---' 0.1429
topTuneBoost_Web_alpha9 9 267 0.0000 0.0000 0.0000 0.0024 0.0116 10 '----------' 0.0011
topTuneBoost_Web_alpha9 9 268 0.0127 0.2000 0.2146 0.0591 0.0153 7 '2-1--0----' 1.0000
topTuneBoost_Web_alpha9 9 269 0.0123 0.1000 0.1457 0.1094 0.0343 5 '0040--0---' 0.3333
topTuneBoost_Web_alpha9 9 270 0.0046 0.1000 0.0722 0.0565 0.0746 9 '----2-----' 0.2000
topTuneBoost_Web_alpha9 9 271 0.0000 0.0000 0.0000 0.0000 0.0000 9 '0---------' 0.0000
topTuneBoost_Web_alpha9 9 272 0.0158 0.4000 0.2172 0.0855 0.0643 5 '1-0112----' 1.0000
topTuneBoost_Web_alpha9 9 273 0.0756 0.4000 0.4091 0.2836 0.1437 4 '043-044---' 0.5000
topTuneBoost_Web_alpha9 9 274 0.0020 0.1000 0.0255 0.0303 0.0470 9 '-------1--' 0.1250
topTuneBoost_Web_alpha9 9 275 0.0000 0.0000 0.0000 0.0000 0.0000 7 '-00----0--' 0.0000
topTuneBoost_Web_alpha9 9 276 0.0002 0.0000 0.0000 0.0081 0.0145 10 '----------' 0.0278
topTuneBoost_Web_alpha9 9 277 0.0000 0.0000 0.0000 0.0000 0.0000 8 '0--0------' 0.0000
topTuneBoost_Web_alpha9 9 278 0.0000 0.0000 0.0000 0.0000 0.0000 9 '-0--------' 0.0000
topTuneBoost_Web_alpha9 9 279 0.0129 0.1000 0.1614 0.0924 0.0603 9 '2---------' 1.0000
topTuneBoost_Web_alpha9 9 280 0.0019 0.0000 0.0000 0.0259 0.0380 10 '----------' 0.0417
topTuneBoost_Web_alpha9 9 281 0.0085 0.2000 0.0900 0.0510 0.0470 7 '---110----' 0.2500
topTuneBoost_Web_alpha9 9 282 0.0062 0.3000 0.2324 0.0549 0.0440 6 '-10--1--1-' 0.5000
topTuneBoost_Web_alpha9 9 283 0.0088 0.3000 0.0737 0.0379 0.0414 7 '-----111--' 0.1667
topTuneBoost_Web_alpha9 9 284 0.0145 0.3000 0.2028 0.0975 0.0599 7 '2--1--1---' 1.0000
topTuneBoost_Web_alpha9 9 285 0.0057 0.1000 0.1367 0.0552 0.0361 9 '2---------' 1.0000
topTuneBoost_Web_alpha9 9 286 0.0017 0.1000 0.0643 0.0247 0.0161 9 '----2-----' 0.2000
topTuneBoost_Web_alpha9 9 287 0.0000 0.0000 0.0000 0.0000 0.0000 7 '0-0------0' 0.0000
topTuneBoost_Web_alpha9 9 288 0.0032 0.1000 0.0496 0.0246 0.0139 8 '--1-----0-' 0.3333
topTuneBoost_Web_alpha9 9 289 0.0008 0.0000 0.0000 0.0143 0.0367 7 '---00-0---' 0.0333
topTuneBoost_Web_alpha9 9 290 0.0000 0.0000 0.0000 0.0000 0.0000 5 '--0-0000--' 0.0000
topTuneBoost_Web_alpha9 9 291 0.0000 0.0000 0.0000 0.0000 0.0000 7 '0--0---0--' 0.0000
topTuneBoost_Web_alpha9 9 292 0.0025 0.0000 0.0000 0.0481 0.0551 10 '----------' 0.0208
topTuneBoost_Web_alpha9 9 293 0.0006 0.0000 0.0000 0.0058 0.0082 9 '-0--------' 0.0667
topTuneBoost_Web_alpha9 9 294 0.0004 0.0000 0.0000 0.0149 0.0150 8 '----00----' 0.0286
topTuneBoost_Web_alpha9 9 295 0.0406 0.4000 0.3575 0.1296 0.0700 6 '1-221-----' 1.0000
topTuneBoost_Web_alpha9 9 296 0.0000 0.0000 0.0000 0.0112 0.0120 7 '..-----0--' 0.0040
topTuneBoost_Web_alpha9 9 297 0.0081 0.2000 0.2325 0.0525 0.0239 7 '10-------1' 1.0000
topTuneBoost_Web_alpha9 9 298 0.0012 0.0000 0.0000 0.0428 0.0326 9 '------0---' 0.0526
topTuneBoost_Web_alpha9 9 299 0.0000 0.0000 0.0000 0.0000 0.0000 10 '----------' 0.0000
topTuneBoost_Web_alpha9 9 300 0.0018 0.1000 0.0384 0.0165 0.0161 9 '--------1-' 0.1111
